1.824523431	0.000127191
9.334268303	0.000172112
17.18828571	0.00022176
26.26553596	0.000274405
34.02905827	0.000318637
41.98454433	0.000375769
50.16288327	0.000430962
58.12893195	0.000472901
66.51756028	0.000521429
73.87311442	0.000580089
82.46181583	0.000622461
91.75851626	0.000673199
98.41216105	0.000725335
107.0270877	0.000775847
115.323382	0.000831262
122.6811482	0.000875806
130.0554272	0.000925459
137.6302607	0.000971717
146.13736	0.001023121
153.7520781	0.001073275
161.0842314	0.001125402
169.7486211	0.001177561
176.9444442	0.001224814
183.7813628	0.001277179
191.3540956	0.001325959
199.2505597	0.001375313
206.0015823	0.001428131
212.2925124	0.001478769
219.7524382	0.001520816
227.1854605	0.001574965
233.2308491	0.001621691
239.4295651	0.001675279
246.8115187	0.001726382
252.7148563	0.001777298
258.163371	0.001822751
265.0117391	0.001876258
271.598765	0.001923523
277.2776685	0.001974718
282.3315282	0.002027539
288.5997397	0.002078279
294.2262761	0.002129474
298.9235529	0.002175494
304.7740725	0.00222757
309.7696737	0.002277414
315.2934014	0.002325768
318.9649605	0.002376866
324.9557053	0.002429892
328.9933221	0.002480125
333.3594024	0.002526467
338.0376022	0.002575039
343.189036	0.002628581
346.8079088	0.002679624
350.8952927	0.002723245
355.9560596	0.002772227
359.5966891	0.002825934
363.3134564	0.002878733
366.9678878	0.002925555
370.9357435	0.002975173
374.7611517	0.003030896
377.9693087	0.003075845
381.9280459	0.003127209
386.0333392	0.003179236
388.3076651	0.003224452
391.7980902	0.003272332
395.7510141	0.003327105
398.8387396	0.003378677
401.3484142	0.003429032
404.8516269	0.003475687
408.3280202	0.00352834
410.7508225	0.003576542
413.6536968	0.003623969
417.162124	0.003675198
419.9663605	0.003729236
422.0672394	0.003772938
425.2257098	0.003822814
428.38277	0.003871609
430.5526905	0.003927867
433.181501	0.003976009
436.5804456	0.004022938
439.0923313	0.004071824
440.9641932	0.004132335
443.5538618	0.004178694
446.5822916	0.004227572
448.6799194	0.004269644
450.3205796	0.004323371
453.4690683	0.004374203
455.8332981	0.004420834
457.5763186	0.004475928
459.7473001	0.004522795
462.6199447	0.004578162
464.6205988	0.004619956
466.5206975	0.004675468
468.9997999	0.004729185
471.2803035	0.004773614
472.9604933	0.004821624
475.0575039	0.00487359
477.9507214	0.004922452
479.7193453	0.004971629
481.133696	0.005029368
483.3105769	0.00506857
485.9096675	0.005124845
487.4197131	0.005172929
489.1933824	0.005220127
491.9391533	0.005271389
493.8120054	0.005324381
495.0708498	0.005372929
497.0533648	0.005419997
499.4491653	0.005471015
500.7866328	0.005527768
502.7229085	0.005570748
504.6900467	0.005622415
506.6628459	0.005679064
507.8083508	0.005718523
509.5557674	0.005769532
512.1628791	0.005820663
513.6107473	0.005870007
514.6504561	0.005922351
517.2441447	0.005973529
518.8459239	0.006017371
520.1829345	0.006072357
521.4472782	0.006119678
523.8895571	0.006169054
525.4261603	0.006221371
526.4456607	0.006269991
528.4241122	0.006317381
530.4817592	0.00636789
531.6059313	0.00641961
532.9309586	0.006468895
535.0718869	0.006516285
536.5632206	0.006569925
537.6518517	0.006617306
539.36733	0.006668262
541.1056011	0.006717124
542.3279103	0.006768638
543.8499206	0.006820524
545.7986081	0.006867867
547.3147331	0.006916244
547.8851844	0.006967855
549.5541517	0.007022271
551.7948237	0.007065873
552.5778663	0.007115876
553.9467303	0.00716519
555.7715959	0.007218111
557.445469	0.007266734
557.7838596	0.007318828
559.5468677	0.007359512
561.5263627	0.007414331
562.9224108	0.00746162
563.5388547	0.00751416
565.1002862	0.007562423
566.7756154	0.007616173
567.3988323	0.0076623
569.0853995	0.007716367
570.8620583	0.007761103
572.0312702	0.00781393
572.5982434	0.007861842
574.2031753	0.007910148
576.063168	0.007965707
576.8432527	0.008016288
577.8293641	0.008064816
579.8208699	0.008109941
580.9653277	0.008157986
581.4214848	0.008209617
582.8952772	0.008257078
585.0226704	0.008312478
585.6105083	0.008354373
586.3938492	0.008409886
588.2957174	0.00846243
589.5950048	0.008508166
589.8805226	0.008552021
591.5059097	0.008606069
593.361039	0.008658502
594.1919499	0.008709971
594.4247724	0.008751479
596.1919781	0.008808519
597.8489471	0.008852442
598.5610289	0.008907935
599.4289668	0.00895502
601.1198401	0.009002256
601.9456498	0.00905167
602.9019343	0.009100925
604.2924406	0.009149209
605.9825199	0.009204164
606.3660706	0.009245916
607.2932022	0.009303021
609.0395485	0.009350354
609.9627928	0.009393853
610.6500709	0.00944944
612.1061254	0.009502023
613.5478404	0.009549096
614.4294454	0.009600086
614.391024	0.009646349
616.6959858	0.00970053
617.8448465	0.009748149
618.3403222	0.009798867
618.9791893	0.009849612
621.4782098	0.009896314
622.1300331	0.009950542
621.9411744	0.009995942
623.8831725	0.010043036
624.9482861	0.010096044
625.5444183	0.010142165
626.558696	0.010198496
628.2916674	0.010241028
629.3463109	0.010295426
629.7677921	0.010343615
630.4953048	0.010392137
631.8278752	0.0104435
632.6315036	0.010487877
633.7184718	0.010543586
634.4821763	0.010588325
636.1181335	0.010637456
636.1651613	0.010686677
637.9070064	0.010738993
639.0471462	0.010785363
639.4272691	0.010839699
639.9483006	0.010889585
641.5931131	0.010935135
642.9792262	0.010989355
642.9010437	0.011035163
643.878763	0.011086594
645.4845263	0.011140304
646.0164686	0.01118663
646.4976144	0.011233175
648.2767879	0.011284537
649.4103267	0.011336394
649.4391079	0.011379687
650.5422284	0.011436234
651.8308033	0.011484469
652.5592311	0.011534686
652.6857617	0.01158135
654.6238551	0.011634301
655.5565719	0.011679175
655.6694203	0.01172984
656.2242632	0.01178315
658.0158552	0.011827345
659.1485098	0.01188032
659.5174263	0.011929567
660.1027239	0.011975271
661.7640725	0.012025032
662.1255831	0.012076905
662.4520217	0.012125768
663.9955361	0.012174125
665.4579661	0.012224871
665.5064628	0.012272636
666.0569915	0.012323712
667.0409246	0.012373676
667.9448051	0.012425944
668.2055184	0.01246749
669.9362316	0.012520549
670.6995239	0.012571376
670.816507	0.012621086
671.8708029	0.012669346
673.5914325	0.012719318
673.9277452	0.012769856
674.170749	0.012815646
675.1744767	0.012867435
676.7396884	0.012911806
676.8132441	0.012967943
677.2158841	0.013020159
678.8652786	0.013065596
679.4367067	0.013118088
679.6034376	0.013170385
680.7407289	0.013214038
681.7754445	0.013257499
682.4916118	0.013315489
682.5690107	0.013366639
684.3209315	0.013415548
684.9405063	0.013460292
685.0747868	0.013510484
685.7940874	0.013559872
687.3309702	0.013609837
687.7085821	0.013656079
688.1062295	0.013712622
689.6381318	0.013759612
690.5189806	0.013805014
690.3568639	0.01385732
691.2698102	0.013904948
692.4705207	0.013953759
692.6742348	0.014008834
693.1079884	0.014051076
694.4664115	0.014104676
695.2961594	0.014153492
695.3159042	0.014196982
696.561269	0.014250776
697.8061883	0.014301047
698.261775	0.014348705
698.3725173	0.014397729
699.2432169	0.014446364
700.5314044	0.014498276
700.6679685	0.014544312
701.254084	0.014599928
702.712083	0.014645203
703.4001657	0.014697651
703.2522542	0.014744248
704.2663277	0.014794901
705.4568851	0.014849234
705.4803858	0.014891753
706.3014742	0.014941701
707.4111025	0.01498894
707.8601765	0.015039892
708.1980069	0.015092565
708.9978183	0.015139837
710.176909	0.015189157
710.4531626	0.015238943
710.7294257	0.015286998
712.0132441	0.01534001
712.8859731	0.015385025
712.7518469	0.015435264
713.4589153	0.015481278
714.8683163	0.015533957
715.6896761	0.015583178
715.0516416	0.015635481
716.4300286	0.01568143
717.1951791	0.015731383
717.3583157	0.015778487
718.3202844	0.015832865
719.3325747	0.015878496
719.9798119	0.015927422
719.4662874	0.015977445
720.8687546	0.016025866
721.5934347	0.016071635
722.1722878	0.016126376
722.5773577	0.016172022
723.6576028	0.016222214
724.3223649	0.016278471
724.2550113	0.0163222
724.9009219	0.016371188
726.3246846	0.016418445
726.8519712	0.016474903
726.6399036	0.016522601
727.9185129	0.016569693
728.6524675	0.016621389
728.5200036	0.016663345
729.0174118	0.016717776
730.3943776	0.016764068
730.7031149	0.01681338
730.5016816	0.016864758
731.8081818	0.016915052
733.1402079	0.016961157
733.0408136	0.017013688
733.6075282	0.017057799
734.6174904	0.017107781
735.0477623	0.017158383
734.9841678	0.017209936
736.164701	0.017262949
737.1688078	0.017308836
737.2343016	0.017355827
737.3673266	0.01740295
738.6373902	0.017455914
739.0426836	0.017503388
739.3784654	0.017558956
739.9110501	0.017603224
741.4100599	0.017648458
741.1789393	0.017702593
741.0519516	0.017746949
742.5656018	0.017797936
743.2864645	0.017844757
743.356767	0.017894531
743.8748473	0.017944786
745.0308251	0.018002721
745.2294466	0.018048383
744.9910613	0.01809149
746.2168801	0.018143307
746.7092364	0.018197503
746.915304	0.018238228
747.5730317	0.018291907
748.659159	0.018338324
749.1751008	0.018392971
749.0770114	0.018439633
750.13077	0.018485156
750.8137649	0.018537243
750.3093416	0.018586668
751.4383952	0.018634977
752.4462697	0.018685193
753.0435161	0.018730787
752.9823214	0.018782483
753.8547786	0.018835236
754.5414627	0.018883094
755.0008096	0.018929663
754.4144204	0.018982912
756.2008122	0.019029087
756.7832151	0.019076252
756.9055566	0.01912868
756.9600015	0.019172258
758.3829801	0.019222598
758.011518	0.019275297
758.4290393	0.019322562
759.6132942	0.019367873
760.8256411	0.01941799
760.2200429	0.019468748
761.2779298	0.019523096
761.2960104	0.019566393
761.8697127	0.019613125
761.4926425	0.019668281
762.8131977	0.019714851
763.6861302	0.019765012
763.7911536	0.019816182
763.9431435	0.019862298
765.4024308	0.019910144
765.2653425	0.019960768
765.5996173	0.020007772
765.9446192	0.02005512
767.1175945	0.020107095
767.056717	0.020155492
767.0488648	0.020206516
768.3189201	0.020255387
768.9333125	0.020306503
768.7409838	0.020354283
769.5843956	0.020402362
770.1713203	0.020453128
770.3163829	0.020502531
770.4785616	0.020549571
771.8254325	0.020599988
772.6256653	0.020648786
771.9870007	0.020697853
772.2643418	0.020747135
773.6795413	0.020796152
773.6219616	0.020845095
774.1047048	0.020887792
774.8029799	0.020945033
775.5466917	0.020990356
775.1743767	0.021039836
775.0889325	0.021090039
777.0031291	0.021138114
777.2274252	0.021186285
777.2481888	0.021234378
778.2147738	0.021286684
778.503508	0.021334172
777.9089031	0.021385987
778.216601	0.021429172
779.83115	0.021481187
780.7233848	0.021530468
780.0988442	0.021583169
780.9682874	0.021628335
781.7110512	0.021678271
781.7506358	0.021726954
781.8669668	0.021775055
782.7377831	0.021822294
782.9979599	0.02187268
783.1345607	0.021920735
783.471049	0.021970462
785.0214692	0.022017078
784.7262444	0.022070773
784.5588788	0.022117426
785.6734851	0.022169273
786.3447203	0.022219536
785.8385428	0.02226081
786.261169	0.022309576
787.3375559	0.022364628
787.7914082	0.022413604
787.633357	0.022454828
788.5195743	0.022508821
789.0508511	0.022556074
789.0855007	0.022606963
789.4900949	0.022655999
790.3595161	0.022705893
790.6143173	0.022755015
790.3352714	0.022803026
791.4291604	0.022849034
792.0934107	0.022905254
792.1341957	0.022946777
792.3041156	0.022994874
793.2434426	0.023045566
793.6519603	0.023093689
793.0999897	0.023150058
793.9624989	0.02319189
795.098805	0.023246791
794.9224822	0.023295423
794.95972	0.023340803
796.0059502	0.023390409
796.304776	0.023437464
796.026217	0.023485784
796.3867366	0.023539693
797.4215286	0.023582524
797.5173262	0.023636384
797.6562961	0.023684243
798.3068848	0.023730164
799.1828107	0.023782929
798.9350065	0.023831835
799.2244807	0.023880974
800.1581778	0.023926794
800.2229328	0.023976638
800.1246987	0.024028423
800.9242143	0.024076074
801.7802859	0.024123412
801.6259721	0.024175788
801.8803886	0.024222045
802.8518343	0.024266648
802.9346676	0.024321811
802.9054787	0.024369488
803.444089	0.02441892
804.4340047	0.024466283
804.6602343	0.024514136
804.3703442	0.024563151
805.2605891	0.024613026
805.6171935	0.024663904
805.4703651	0.024710234
805.872601	0.024760477
806.4467458	0.024809454
806.9701498	0.024858319
806.8169684	0.024904417
807.7534814	0.024954964
807.9769709	0.025002911
808.0810504	0.025050969
808.2855004	0.025101116
809.3904607	0.025148821
809.640951	0.025195356
809.4707795	0.02524517
810.15354	0.025292001
811.0768156	0.025338902
810.7367995	0.025390503
810.674424	0.025441899
811.527608	0.025492274
812.0807735	0.02553862
811.8608701	0.025591582
812.5844487	0.025641868
813.5226739	0.025686787
813.412113	0.02573735
813.4878545	0.025783235
814.1525641	0.025833319
814.443955	0.025882374
814.309471	0.02593007
815.157528	0.02597367
815.6813588	0.026028392
815.5395872	0.026071702
815.3921049	0.026123384
816.5270186	0.026176624
817.2007088	0.026220682
816.724984	0.026272287
817.1032213	0.026323261
817.8305117	0.026363788
817.9369879	0.026417918
818.0401878	0.026470209
818.4914156	0.026515355
819.9276472	0.026566157
819.2034421	0.026613564
819.0223261	0.026661198
820.4258389	0.026709573
820.5874658	0.026759748
820.0588583	0.026808121
821.0910247	0.026856596
821.9278063	0.026904487
821.4818826	0.026955032
821.4792838	0.026999064
822.4742669	0.027054088
822.8035133	0.027098841
822.6964153	0.027150465
823.177825	0.027195768
823.9380774	0.027249533
823.5649854	0.027287621
823.8084262	0.027339242
824.8165743	0.027388441
825.2204282	0.027438589
824.6589279	0.02748857
825.2006671	0.027539197
825.9719587	0.027586396
826.1465559	0.02763774
826.0680477	0.027687986
827.0205728	0.02773288
827.640421	0.027785165
827.0594251	0.027828037
827.1811052	0.027875299
828.2096795	0.027928731
828.1471496	0.027976799
827.9964639	0.028024782
828.3935826	0.028077837
829.9121417	0.02812321
829.619725	0.028174981
829.1592306	0.028220844
830.5075385	0.02826819
830.490419	0.028317434
830.2364922	0.02836588
831.2277113	0.028416454
831.4199354	0.028460493
831.6326628	0.028512222
831.617448	0.02855675
832.4542231	0.028608755
832.7222504	0.02865533
832.2938629	0.028709567
832.7259996	0.028756952
833.5560765	0.02880332
833.4820413	0.028852007
833.4997827	0.028896779
834.3322751	0.028948376
834.3261993	0.028996583
834.307384	0.029048711
834.5030827	0.029096485
835.5316642	0.029144259
835.3371162	0.029191767
835.7812487	0.029243232
835.8897513	0.029290821
836.6853397	0.02934041
836.4326424	0.029389444
836.6120199	0.029435856
837.7574461	0.029485385
837.6723831	0.029532743
837.4230253	0.029581213
837.9635122	0.029631633
838.9242327	0.02968361
838.3627301	0.029727625
838.6947006	0.029776783
839.2363718	0.029825999
840.1421081	0.029870181
839.6999972	0.029921052
839.938141	0.029969513
840.6818257	0.030020513
840.322992	0.030066757
840.0252553	0.030113944
841.3476169	0.030165646
841.9711954	0.030211604
841.3134887	0.030263042
842.0508087	0.030311426
842.7881156	0.03035964
842.7903462	0.0304053
842.5169225	0.030455289
843.017526	0.03050468
843.2068523	0.030550789
843.5863078	0.030600919
843.34435	0.030649856
844.6721427	0.030695875
844.8702714	0.030747168
844.1197982	0.03079865
844.9946364	0.030840924
845.9501078	0.030894431
845.6343399	0.030937089
845.4327387	0.030989172
846.3368877	0.031034189
846.8421309	0.031085316
846.2752397	0.031138708
846.9284978	0.031185622
847.6568154	0.031229077
847.5543317	0.031284197
847.3173048	0.031330869
848.2158179	0.031376577
848.4925349	0.031421086
848.1390926	0.031473555
848.474224	0.031521199
849.2865488	0.031573896
849.147159	0.031619166
848.8317497	0.031663331
849.8370024	0.031719448
850.5621521	0.031771661
849.8808797	0.031814155
850.1993656	0.031861541
850.7713411	0.031915816
851.0024917	0.031958811
850.4597691	0.032010058
851.528785	0.032057737
852.0477107	0.032103326
851.7332469	0.032154381
851.7495986	0.032204179
852.7239882	0.032249452
853.0330691	0.032295216
852.7598899	0.032346316
853.126082	0.032398817
854.0135356	0.032442124
853.6689099	0.032493406
853.4630074	0.032540986
854.5598396	0.032588379
854.5864385	0.032639388
854.5563971	0.032686665
854.830196	0.032736751
855.3720119	0.032785207
855.2395982	0.032831193
855.0585256	0.032877391
855.8936016	0.03292645
856.5869192	0.032975891
856.4791171	0.033031099
856.2836805	0.033072636
857.4520692	0.033119397
857.5403251	0.033173582
856.9793729	0.03321821
857.6368293	0.033267872
858.4409292	0.033319811
857.8226289	0.03336576
858.1442113	0.033415452
859.0512101	0.033457071
858.8632184	0.033507914
858.8060208	0.033558694
859.1804946	0.033603597
859.9465599	0.033657238
859.6648438	0.033707277
859.5226029	0.033751572
860.7186211	0.033802199
860.7395881	0.033849415
860.5106369	0.033893215
860.6776707	0.03394115
861.8300063	0.033996554
861.7044266	0.034041391
861.5060761	0.034093499
861.9510642	0.034137872
862.6539085	0.034186765
862.2505786	0.034238999
862.3548359	0.034279015
863.235106	0.034333552
863.389249	0.034381469
862.8276943	0.034429235
863.9442484	0.034476783
863.9184539	0.034529474
863.8721323	0.034570234
863.66553	0.034617752
865.0289995	0.034675391
864.8371768	0.034721421
864.3539818	0.034771168
865.026163	0.034820861
865.9270831	0.034859293
865.6075801	0.034915581
865.58467	0.034957013
866.7925406	0.035012211
866.7115935	0.035060885
866.2765816	0.035103283
866.7007803	0.035157329
867.2639587	0.03519914
867.1999293	0.035254249
867.0947139	0.035301026
867.8961199	0.035350725
868.1766964	0.035397861
867.7091384	0.035446494
867.91422	0.035492521
868.7459393	0.035539379
868.9237844	0.035587509
868.5782398	0.035639117
868.8901202	0.035684215
869.6856774	0.035734449
869.3168698	0.035784489
869.7058042	0.03582865
870.7078065	0.035881079
870.997951	0.035925733
869.7432712	0.035971662
870.8388795	0.036024982
871.2210583	0.036074667
870.9919236	0.036120333
871.3644777	0.036170668
871.5497297	0.036216238
872.2690965	0.036264612
871.1997963	0.036321094
871.3241275	0.036363071
872.7870851	0.036409545
872.4497647	0.036457709
872.3250008	0.03650667
873.323732	0.036553956
873.9280212	0.036600904
873.155593	0.036648914
873.6859173	0.036699206
874.3442957	0.036750495
874.0922428	0.036794051
873.6360968	0.036842739
874.6554141	0.036892406
875.2377011	0.036941082
874.8098901	0.036990114
874.9404312	0.037040508
876.0105479	0.037084458
875.534296	0.037134202
875.2451806	0.037183352
875.9917532	0.037229517
876.6131358	0.037278674
876.4091162	0.037329569
875.8828601	0.03737976
876.88924	0.037420958
877.4002039	0.037469418
876.8828284	0.037518228
877.318379	0.037568373
877.8269696	0.037618555
877.7031153	0.037662673
877.3953228	0.037708946
878.1716513	0.037759463
878.357872	0.037803893
878.2258264	0.037858353
878.4762378	0.037903216
879.4353453	0.037954028
879.3593033	0.037998808
879.3578126	0.038048049
879.5474055	0.038094581
880.3316069	0.038146044
879.8930656	0.038194965
879.7170503	0.038242303
881.13879	0.038286476
880.6858207	0.038339015
880.225245	0.038384805
881.0310332	0.038433046
881.7566845	0.038484983
881.2243966	0.038532582
881.163213	0.038581088
881.9835651	0.038630327
882.270318	0.038677322
881.6230489	0.038723712
882.3977271	0.038770569
883.0123048	0.038818328
882.3357901	0.038874841
882.2710064	0.038916498
883.4935926	0.038966756
883.7255236	0.039012692
883.3101103	0.039062313
883.4819629	0.039109996
884.3892299	0.039155508
883.7929417	0.039211073
883.5694254	0.039253408
884.5699164	0.039299668
885.1323597	0.039347805
884.6966468	0.039396233
884.6388607	0.039442303
885.7210445	0.03949505
885.3029671	0.039542572
885.118001	0.039588136
885.8084661	0.039635682
886.631584	0.039686296
885.6604408	0.03973792
885.8510486	0.039784561
886.534877	0.039833564
886.4407304	0.03987543
886.319622	0.039923966
886.8381415	0.039973351
887.3873631	0.040021644
886.9690404	0.040068793
887.2016891	0.040117997
888.3203099	0.04016807
888.2997915	0.04021611
887.775712	0.040261872
888.3371527	0.040314873
888.8420434	0.040360374
888.734426	0.040405199
888.3921921	0.040451832
889.3303881	0.040505211
889.9676412	0.040551207
889.183668	0.040596908
889.2807342	0.040646457
890.3627292	0.040695707
889.9723505	0.040743648
889.6475447	0.040793776
890.4860306	0.040840688
890.8272953	0.04088893
890.3795068	0.040934601
890.5333444	0.040985333
891.5526693	0.04103127
891.6830974	0.041077823
891.1948578	0.041127742
891.3209021	0.041175329
891.9359076	0.041222383
891.9672215	0.041270487
891.8719751	0.041317436
892.8287159	0.041367475
892.5866736	0.041416145
891.9991002	0.041460662
892.808101	0.041510768
893.5056417	0.041557728
893.0027153	0.041610445
892.8565786	0.041656331
893.4477634	0.041697481
893.8920839	0.041751046
893.6081848	0.041798997
893.9852116	0.041845875
894.7308395	0.041895669
894.296677	0.041938377
894.2280016	0.041991934
894.8808342	0.04204162
895.2143886	0.042087719
894.7459266	0.042136302
894.8988529	0.042182415
896.0136275	0.04223232
896.0049484	0.042277779
895.1690852	0.042323671
895.7422652	0.042373039
896.4510585	0.042424876
896.2681898	0.042471894
896.4766565	0.042519907
897.0719474	0.042569247
897.1399831	0.042612876
896.6837982	0.042663167
897.0981976	0.042714624
897.7077928	0.042761249
897.687647	0.042810289
897.1356235	0.042854658
897.7786804	0.042905712
898.2785651	0.042955983
897.8001133	0.043000446
898.2127625	0.043042175
898.7766492	0.043100482
898.4950353	0.043144952
898.3496303	0.043192526
899.2767511	0.043239238
899.489721	0.043287789
898.8852933	0.043334324
898.944291	0.043382308
899.8822164	0.043426095
900.0453355	0.043478667
899.8511515	0.043531028
900.6212747	0.043573712
901.4475155	0.043623968
900.3489387	0.043673668
900.2273606	0.043719336
901.1675463	0.043763568
900.9935936	0.043814398
900.1550077	0.043860731
901.6484873	0.043908083
901.4359452	0.043951331
901.3926115	0.044005797
901.5097498	0.044053307
901.6173287	0.044099354
902.3723581	0.04414915
901.4864131	0.044196457
902.1868735	0.04424695
902.9317448	0.044295456
902.7970071	0.044342733
902.2780427	0.044389712
903.1309713	0.044438535
903.5396228	0.044486207
902.9150723	0.044530565
902.9993848	0.044578579
904.5943332	0.044631652
903.8465717	0.044676332
903.5931142	0.04472625
904.5402055	0.044771901
904.7949521	0.044821536
904.3570246	0.044869367
904.6786423	0.044914219
905.1015568	0.044966317
905.1754872	0.045009706
904.4818058	0.045060664
905.5692518	0.045108238
905.8784755	0.04515806
905.1133206	0.045203483
905.087361	0.045252025
906.5739683	0.045298008
906.5939904	0.045343356
906.0109752	0.045395286
906.2719688	0.045443508
907.2111277	0.04549157
906.5111675	0.045535742
906.5819264	0.045586177
907.6117976	0.045634295
907.5608064	0.04568247
907.0084728	0.045725199
907.5479926	0.045774376
907.9499872	0.045824635
907.6228304	0.045868424
907.5298005	0.04591922
907.8280349	0.045967769
908.4772308	0.046013487
908.0813666	0.046060491
907.9340007	0.046110767
909.4797059	0.04616024
909.3435141	0.046206286
908.440218	0.046255403
908.9524684	0.046299988
909.4894751	0.046348395
909.1478154	0.046400004
909.1974619	0.046446617
910.0934122	0.046496383
910.2555408	0.046539177
909.8328108	0.046589252
910.103366	0.046630418
910.5022307	0.046686054
910.4925515	0.046733651
910.1744113	0.046776298
911.3073133	0.046824996
911.1891306	0.046876949
910.58372	0.046923877
910.9166812	0.046966203
911.782105	0.047013604
911.7476076	0.047069342
911.0230278	0.04711384
912.0873894	0.047162417
912.4514189	0.047207243
911.890496	0.047251626
911.9159768	0.047307692
912.8189605	0.047352739
912.5691134	0.047403769
912.4839368	0.04744698
912.7666046	0.047497573
913.3716331	0.047546268
912.9603936	0.047592854
913.0936755	0.047636816
913.8374144	0.047684949
913.5301567	0.047729425
913.3212804	0.047780681
913.7417012	0.047827484
914.2953511	0.047873254
914.1863091	0.047926784
913.9478371	0.047973344
914.8047115	0.048021998
914.5964024	0.048069631
914.2117735	0.048116761
914.2498721	0.048160768
915.5917857	0.04821626
914.9335967	0.048254383
915.1138211	0.048309492
915.7475903	0.048357693
915.8896076	0.048397273
915.1227371	0.048445447
915.9395605	0.048496362
916.4186189	0.048547874
916.0733312	0.048591612
915.7360135	0.048643197
916.4567755	0.04869214
917.0292179	0.048734023
916.1510711	0.048779692
916.4780479	0.048830325
917.4186993	0.048877194
917.218159	0.048927507
916.7775356	0.048976375
917.2905165	0.049020566
918.0447441	0.049071049
917.4851384	0.04911693
917.3103949	0.049166184
918.0306146	0.049214341
918.3295196	0.049255994
917.4839987	0.049307687
918.4626608	0.049360397
919.2598206	0.049400863
918.6217633	0.04945234
918.3285592	0.049500788
919.3254438	0.049544979
919.1663172	0.049594407
919.0369833	0.049637634
919.1020121	0.049691634
919.9107713	0.0497386
919.7335234	0.0497872
919.3614652	0.049833429
920.297777	0.049876369
920.7433838	0.04992316
920.0694924	0.049967566
920.1347919	0.050022409
920.7542111	0.050071966
920.7003513	0.050121235
920.5705446	0.050166226
921.0480753	0.050209575
921.5147386	0.050262927
920.8244067	0.050309034
920.577721	0.050353418
921.9480206	0.050402473
921.9745918	0.050449168
920.9869345	0.050494468
921.8379725	0.050546887
922.3315487	0.050592591
921.5901787	0.050638493
922.0031831	0.05069156
922.6921956	0.050733308
922.6092166	0.050777854
922.1063577	0.050836621
922.1319887	0.050877451
923.0786902	0.050926889
923.1500392	0.050973707
922.6978874	0.051022713
923.802752	0.051065773
923.6620317	0.051116623
922.9249752	0.051160757
923.7404933	0.051215331
924.0605782	0.05126062
924.0888326	0.051309317
923.8238925	0.051353723
923.9617512	0.051401946
925.079957	0.051449539
924.0493421	0.051495582
924.6446824	0.051544396
924.99879	0.051591399
924.9997021	0.051637659
924.1892324	0.051687164
924.8652139	0.051736496
925.0440468	0.051781666
924.7478288	0.051830162
925.1964492	0.051881177
925.9823133	0.051925719
925.8101879	0.0519755
925.3003192	0.052019516
925.8655257	0.05206698
926.6857892	0.052112359
926.2280256	0.052159268
926.6024786	0.052206588
926.7336358	0.052255985
926.7736856	0.052303552
926.329383	0.052351349
926.5447227	0.052397735
927.4456223	0.052449693
927.2508128	0.052492796
927.4045561	0.052543241
927.7705122	0.052592009
928.0491545	0.052638426
927.6628087	0.052684998
927.6678668	0.052735576
928.1226786	0.052780753
927.9449609	0.052829282
927.9277642	0.05287666
928.0270829	0.052921514
928.5058648	0.052966531
928.2949827	0.053017673
928.5789948	0.053065867
929.0857672	0.053110845
929.0063262	0.05315731
928.4640846	0.053208176
929.1121646	0.053256158
929.8427791	0.053303355
929.2422441	0.053348222
929.0391736	0.053397041
929.9657519	0.053443535
930.2017516	0.053492145
929.5037911	0.053535151
929.8729835	0.05358905
930.9647673	0.053632478
930.4003717	0.053680482
930.1357876	0.053725072
930.6187331	0.053773067
931.1304578	0.053825148
930.2939668	0.053873882
930.8428774	0.053920922
931.6517215	0.053968851
930.8752728	0.054011125
930.6781406	0.054058751
931.4230931	0.05410969
932.1833826	0.054154247
931.2614329	0.054205574
931.4339984	0.054250596
931.9586685	0.054295619
932.3737165	0.054342356
931.7210279	0.05438952
932.5433295	0.054441631
932.9358201	0.05448177
932.3900298	0.054534737
932.0013654	0.054585917
933.0248837	0.054632133
933.4767279	0.05467892
932.6332529	0.054723356
932.9646168	0.054768624
933.7430129	0.054818595
933.0824636	0.05486507
932.7961252	0.054913422
933.877362	0.054959963
934.0292223	0.055010525
933.6219831	0.055053584
933.5590337	0.055102107
934.5079113	0.055154124
934.2243028	0.055196429
933.6979145	0.055244159
934.5458908	0.055291948
935.0223215	0.055339518
934.0739795	0.0553906
934.3318669	0.055438818
935.6274702	0.05548138
935.0154217	0.055526784
934.6722646	0.055579148
935.3353081	0.055625729
935.5456299	0.055672257
935.3088246	0.055719505
935.18206	0.055763612
936.2766229	0.055814545
936.3451153	0.055860747
935.3933993	0.055913911
935.8407611	0.055953338
936.4745709	0.056001628
936.2768273	0.056053626
935.5916957	0.056097619
936.6508516	0.056147433
937.2317498	0.056193577
936.3772502	0.056240872
936.7495446	0.056287579
937.6491419	0.056331339
937.4078668	0.056382011
936.5664322	0.056423834
937.393292	0.056479398
937.9807637	0.05652254
937.0491426	0.056569937
937.5075524	0.056617956
938.0433775	0.056661216
937.7585189	0.056703358
937.6396405	0.056754654
938.4085906	0.056804024
938.7327551	0.056848863
938.4007089	0.056900661
938.372318	0.0569542
939.0600686	0.057000987
938.9705304	0.057042647
938.3415937	0.057086974
938.677414	0.057139695
939.4303074	0.057183824
939.0077733	0.057231077
938.6251445	0.057280406
939.5432469	0.05732561
939.9167397	0.057372044
939.0591758	0.057421521
939.5915768	0.057469877
940.1646653	0.057518806
940.0812499	0.057563093
939.6336472	0.057616658
940.1613387	0.057661087
940.5911881	0.057702285
939.9074242	0.05775211
940.3255658	0.057797542
940.5761018	0.057847588
940.6421973	0.057897646
940.788138	0.057941831
941.0589191	0.057989898
941.2575686	0.058034701
941.0081217	0.058082542
940.7813743	0.05812779
941.9484248	0.058179324
941.5006624	0.058225398
940.984091	0.05827304
942.1944152	0.058321199
942.7381798	0.058370021
942.313737	0.058417958
941.3013879	0.058459348
942.8233846	0.058507946
942.5033485	0.058550326
941.653619	0.05860124
942.5284471	0.058650698
943.0336925	0.058697288
942.7492924	0.058742951
942.6742068	0.0587908
943.4687291	0.058833112
943.4965823	0.058884148
942.8368328	0.058929793
942.8069192	0.058979952
943.6745977	0.059027762
943.4925009	0.059072194
943.489394	0.059118462
943.9832996	0.059168089
944.2038111	0.059218306
943.3321512	0.059265016
943.3181147	0.059309739
944.3013004	0.059357372
944.20982	0.059402779
943.9805123	0.059451388
944.427679	0.059498925
945.1445941	0.059546931
944.5092106	0.059593987
944.3183596	0.059637043
945.4009158	0.059679752
945.2428813	0.059735139
944.7828825	0.059782418
945.1383501	0.059830834
945.7059432	0.059875504
945.0027749	0.05991931
945.14966	0.059970987
946.0122437	0.060019479
946.1088612	0.060062666
945.2210864	0.060110857
945.6864206	0.060155434
946.6675164	0.060201714
946.4056718	0.06025444
946.0141632	0.06030289
946.6461562	0.060348447
946.9583935	0.060390312
946.1411572	0.060446926
946.5762246	0.060482626
947.2196261	0.060536801
947.2233881	0.060578875
946.6201169	0.060632434
947.420138	0.060679307
947.7928657	0.060726061
947.0256927	0.060766541
946.858735	0.06081594
947.9560044	0.060861897
947.6387647	0.06091051
947.4150005	0.06095906
947.9854458	0.061012443
948.3632191	0.061051034
947.8361892	0.061104535
947.575089	0.061144995
948.7073094	0.061193749
948.5797439	0.061244533
948.0580058	0.061290776
948.1456687	0.061339308
949.2949902	0.061380101
948.5750511	0.061426954
948.4921201	0.061474289
949.3413402	0.061521777
949.5019274	0.061571406
948.9601899	0.061618777
949.0499755	0.061664725
949.7816014	0.061714531
949.4978543	0.061761533
948.9014267	0.061803682
949.8092746	0.06185365
950.1739048	0.061904348
949.3395223	0.061946378
949.4479772	0.061991917
950.6432889	0.062042383
950.0461612	0.062088421
949.9985172	0.062133257
950.4681245	0.062183481
950.8508657	0.062226308
950.3796113	0.062272835
950.4016577	0.062320745
951.2437601	0.062370579
951.43019	0.062421745
950.3791995	0.062468784
951.0218356	0.062510123
951.5863821	0.062558398
951.209061	0.062603148
951.1727069	0.062655095
951.8289293	0.062698113
951.7666079	0.062743895
951.1354976	0.062797807
951.3552436	0.062840692
952.2912952	0.062888312
951.8318349	0.062936343
951.6068252	0.062981334
952.4904219	0.063026704
952.5589566	0.06307993
951.7724872	0.06312214
951.7700476	0.063170982
952.6851902	0.063221938
952.5722205	0.063270549
952.2568493	0.063313779
953.1028034	0.063358974
953.4654222	0.063405819
952.4569054	0.063447368
952.697303	0.063500511
953.5065604	0.063548414
953.7477791	0.063592449
953.0171928	0.063639986
953.4624323	0.063684083
954.0759248	0.063734393
953.6928143	0.063782163
953.4615053	0.063833201
954.495618	0.063875459
954.6165829	0.063923907
953.496191	0.063970543
954.0417059	0.064012786
954.8999362	0.064065223
954.2229829	0.064107814
954.0135087	0.064157208
954.4363657	0.064203781
955.2536357	0.064248073
954.5413609	0.064299016
954.4971587	0.064345653
955.2901019	0.064388532
954.9734389	0.064434578
954.2666815	0.064482643
954.8590314	0.064531474
955.7736316	0.064581798
955.0268002	0.064625722
955.1086971	0.064673061
955.8402946	0.064719563
956.2216736	0.064767356
955.4686893	0.064812719
956.1163284	0.064860794
956.411194	0.064908548
956.0777018	0.064950752
955.7946946	0.064999265
956.6807998	0.065048886
956.6670558	0.065094766
955.7876763	0.065141375
956.6377053	0.065186525
957.4825856	0.06523342
956.7336624	0.065280688
956.3183328	0.06532971
956.8879404	0.065376738
957.5847745	0.065422552
956.9100983	0.06546642
957.3488253	0.065518706
957.7214216	0.065563975
957.3512661	0.065610773
956.6728567	0.065655363
957.7553067	0.065703645
957.8585125	0.065749982
957.4959776	0.065799276
957.6244008	0.065845538
958.271558	0.065890287
958.1401006	0.065937299
957.2853393	0.065986274
958.222056	0.066032032
959.1987165	0.066079046
958.9544119	0.066120508
958.0277418	0.066175526
959.2351876	0.066217587
958.7743936	0.066268636
958.3894799	0.066314559
958.9695256	0.066362168
959.6440292	0.066407052
959.0421692	0.066451846
958.9443316	0.066501521
959.5777347	0.066551246
960.0746476	0.066599499
959.1768329	0.066642703
959.402728	0.066690385
960.0367287	0.066734334
959.7929542	0.066780436
959.2984751	0.066821102
960.2967863	0.066872265
960.3669939	0.06691714
959.9254486	0.066959507
959.752029	0.067016152
960.667579	0.067061769
960.7728456	0.067113556
960.0830043	0.067158135
960.7416996	0.067204499
961.2163396	0.067252108
960.4026458	0.067297831
960.5231855	0.067341542
961.4735194	0.067383414
961.5217129	0.067436998
960.6127447	0.0674816
961.1659499	0.067525822
961.9147683	0.067577715
961.1351308	0.067622578
961.0566812	0.067666793
962.0092884	0.067716086
962.1778352	0.067766283
961.2551943	0.067811272
961.7743091	0.067858642
962.4360666	0.067899811
962.2032545	0.06795162
961.6768108	0.067999801
962.2895528	0.068046825
962.5199809	0.068092349
961.7625286	0.068137524
962.2378834	0.06818388
962.9814616	0.06823219
962.9873678	0.068279881
962.075569	0.068325702
962.9510981	0.068368962
963.2706239	0.068419527
962.7814502	0.068464935
962.6535752	0.068513526
963.6502291	0.068558132
963.4679762	0.068608627
962.940247	0.068658462
963.4771589	0.068698206
964.2373968	0.068743494
963.6461633	0.068793686
963.2606324	0.068841458
964.4970283	0.068887823
964.1410135	0.068933644
963.4010688	0.06897866
964.0309881	0.069023366
964.6934688	0.069074799
964.3489285	0.069122021
963.7223832	0.069165345
964.7320818	0.069214008
964.8619278	0.069260104
964.3764582	0.069304625
964.5118189	0.069355516
965.2961653	0.069402664
964.8074917	0.069445584
964.4181574	0.069493236
965.1227171	0.069542112
965.8248828	0.06958864
964.8097112	0.069631491
964.9699169	0.069679437
965.9096928	0.069723781
965.4854689	0.069771168
965.0183003	0.06982281
966.0512983	0.06986566
966.1364674	0.069914849
965.5529687	0.069960576
965.4497984	0.070005654
966.494147	0.070047564
966.2468003	0.070103596
965.7899038	0.070143759
965.9141281	0.070193997
966.9094964	0.070242033
966.1174065	0.070283817
965.9867267	0.070328469
966.6884856	0.070382762
967.1626989	0.070428226
966.413783	0.070466027
966.8319899	0.070516929
967.3631764	0.070568942
967.2150761	0.070614821
966.207235	0.070659478
967.5037267	0.070702348
967.6631909	0.070756234
967.1272014	0.070798923
967.1299083	0.070845066
968.0361352	0.070892172
967.7053969	0.070939299
966.9467498	0.070989408
967.76976	0.071028432
968.241217	0.071077741
967.9316962	0.071126814
968.1080954	0.071173446
968.6934307	0.071217053
968.8717716	0.071265971
968.4482609	0.071313173
968.1735647	0.071355568
969.4403724	0.071407645
967.9196763	0.07145174
968.020082	0.071501382
969.4459169	0.071542112
969.0099797	0.071594961
968.6740978	0.071637335
968.6877408	0.071683124
969.5433625	0.071727979
969.2310986	0.071779236
968.605135	0.071821328
969.6360023	0.071870579
969.806143	0.071916803
968.9955522	0.07196263
969.4566841	0.072009702
970.3982994	0.072056096
970.1491923	0.072106076
969.0512425	0.072149377
969.8469498	0.072196873
970.1943282	0.072245031
969.9863047	0.072287326
969.856352	0.072329927
970.6252675	0.072386073
971.003694	0.072429358
969.9155334	0.072479514
970.5670241	0.072523818
970.8594055	0.07257103
970.957562	0.072614502
970.8957197	0.072662287
971.7277897	0.072711306
971.2404837	0.072751662
970.810599	0.072805888
970.7579255	0.072845719
972.2711152	0.072896124
971.3362624	0.072943454
970.6797412	0.072988973
971.8105484	0.073036563
971.8215942	0.073082687
971.3738162	0.073126309
971.2457275	0.073176746
972.3892464	0.073222613
971.7045347	0.073272585
971.1609528	0.073313415
971.9698975	0.073357835
972.5084495	0.07340899
971.6730046	0.073457253
972.0852167	0.073501569
972.6890006	0.073548368
972.6550806	0.073592648
971.9733787	0.073636312
972.365171	0.073690532
973.1061863	0.073733867
972.6601567	0.073780749
972.1931702	0.073817378
972.9764065	0.073872257
973.1270133	0.073921417
972.3138089	0.073965104
973.2778725	0.074010127
973.6278416	0.074052542
973.2182818	0.074104539
972.8354403	0.07415379
973.5962638	0.074191645
973.9513824	0.074244832
973.1172094	0.074295552
973.7589809	0.074336466
974.4180826	0.074375674
974.0151091	0.074430773
973.0648477	0.074476378
973.8569666	0.074521508
974.6041617	0.074567744
973.79929	0.074615858
974.0025492	0.074656564
974.7315535	0.074707968
974.4460946	0.074753903
973.723911	0.074801456
974.546813	0.074846279
975.1092133	0.074899459
974.2473252	0.074940923
974.1424688	0.074986737
975.1114708	0.07503432
975.0069984	0.075081493
974.3510381	0.075124986
975.2002876	0.075174655
975.8405102	0.075217977
975.2112477	0.07526874
974.678383	0.075307522
975.5035663	0.075364151
975.9737356	0.075402397
975.3309567	0.075451986
975.5744585	0.075495129
976.207342	0.07554585
975.5772164	0.075591177
974.815703	0.075635914
976.3428921	0.07568443
976.4884903	0.075731007
975.6432923	0.075776006
976.0174399	0.075820785
976.7657428	0.075869232
976.1440803	0.075916751
975.6489559	0.075965722
976.5505424	0.076003537
976.8376842	0.076045868
976.2786005	0.07610201
976.1540015	0.076146524
977.302864	0.076195605
976.9901997	0.076239049
976.3837906	0.076288417
977.1858253	0.076333432
977.7679851	0.076375069
976.8407306	0.076421118
976.8025742	0.076470087
977.5369757	0.076517679
977.6754071	0.076562925
976.7515945	0.076607599
977.2600103	0.076655573
978.0959279	0.0767048
977.5547011	0.076751607
977.202431	0.076796083
978.136681	0.076842529
978.0145673	0.076889826
977.528717	0.076934129
977.5785902	0.076978606
978.5994062	0.077030488
978.3993661	0.077072359
977.5587506	0.077118288
978.4449792	0.077162951
978.7217123	0.077216388
978.2215721	0.077262542
978.2573933	0.07730451
979.1972504	0.077351618
979.1199477	0.077396803
978.5594332	0.077444077
978.8014275	0.077489485
979.4651595	0.077533724
978.6109566	0.07758344
978.6698978	0.077632704
979.5738968	0.077674296
979.5368345	0.077720133
978.5634306	0.077764667
979.1858682	0.07781569
979.9170356	0.077860437
980.0896959	0.077907584
979.4497781	0.07795994
979.8957401	0.078003192
979.7543903	0.078048459
979.5297152	0.078093372
979.7932739	0.078137183
980.4685721	0.078182277
980.4102	0.078231049
979.9788546	0.078277535
980.325439	0.078321856
980.6919763	0.078371652
980.1312001	0.078416218
980.2299782	0.078464924
981.305489	0.078509952
980.7944878	0.078553546
980.2232894	0.078604417
980.6663231	0.078650585
981.2301459	0.078691954
980.6436746	0.078740249
980.3253461	0.078788394
981.4951575	0.078832368
981.1664717	0.078881293
980.4682007	0.078927306
981.346151	0.078969167
982.2182969	0.079018225
981.50391	0.079066601
980.9569978	0.079108997
981.7714964	0.079160426
982.018302	0.079203054
981.2536199	0.079252118
981.5020762	0.079296035
982.362214	0.079345571
981.7547823	0.079386205
981.428975	0.079431995
982.2121119	0.079483062
982.4878916	0.079524577
981.2705778	0.07957617
982.1159139	0.079618064
982.7704174	0.079665192
982.3422371	0.079713837
982.3188994	0.079757004
982.7906056	0.079803045
983.4071933	0.079851586
982.412015	0.079898542
982.2844134	0.079941955
983.5723981	0.079989857
983.1354427	0.080031341
982.3026526	0.080083531
983.1248593	0.080129253
983.9317586	0.080171461
983.0749671	0.08021692
982.7313127	0.0802663
983.6836885	0.08031097
983.312469	0.080360336
982.9308269	0.080404808
983.4560054	0.080452845
984.3254347	0.08049628
983.438245	0.080543934
983.3794045	0.080590954
983.9843608	0.080634042
984.1622545	0.080678576
983.5107769	0.080729944
983.8627965	0.080774128
985.2602677	0.080819887
983.917159	0.080866945
983.5212733	0.080911303
984.6112685	0.080957392
984.8793066	0.081005541
983.4052475	0.081052147
983.5397011	0.081096732
984.8870443	0.081144708
984.8754233	0.081191128
983.6992325	0.081239533
984.454217	0.081283865
985.4598677	0.081332141
984.30697	0.081374367
984.2150699	0.081417508
986.0476589	0.081464819
985.5092495	0.081516884
984.2276338	0.081560738
985.8177864	0.081607788
986.1658679	0.081649773
985.6712225	0.081698607
985.3897687	0.081743927
986.4194911	0.08178815
986.3741212	0.081836051
985.1165429	0.08188348
985.778057	0.081927222
986.4666969	0.081975241
986.1988213	0.082022009
985.4996005	0.082067615
986.4007156	0.082110924
986.8583358	0.082157668
985.8561944	0.082206685
985.9168918	0.082253695
986.9425639	0.082294662
986.5005895	0.082341448
985.6956869	0.082390027
986.8488645	0.082437269
987.2547306	0.082484918
986.3920939	0.082523321
986.3317059	0.082573452
987.1331265	0.082619525
986.9848172	0.082664795
986.416013	0.082712267
987.2430633	0.082759448
987.8756788	0.08280085
987.243104	0.082851556
986.326736	0.082893525
987.9184324	0.082942979
987.5168995	0.082986707
987.1473769	0.083034394
987.527287	0.083082181
988.4669065	0.083125405
987.5338106	0.083173946
987.334064	0.08321362
988.0225868	0.083263767
988.3542775	0.083315853
987.1836411	0.083356744
987.490082	0.083404147
988.3376884	0.083445085
988.1376244	0.083495327
987.5221685	0.08353954
988.4906014	0.083588411
988.8829114	0.083634874
988.3011657	0.083675293
988.0785352	0.083722368
989.2692765	0.083773501
988.8127254	0.08381807
988.4379849	0.083864978
988.9620803	0.083910766
989.2662822	0.083949955
988.6354631	0.083997436
988.3771647	0.084049038
989.5559427	0.084094592
989.8076251	0.084140393
988.4036684	0.084189786
988.6645212	0.084227456
989.7434728	0.084279745
989.3576122	0.084325891
989.0053094	0.084370279
989.8120478	0.084412272
989.8361554	0.084461808
989.2291022	0.084506268
989.2091387	0.084551549
990.387053	0.084600678
989.9319491	0.084646157
989.1627892	0.084693274
989.9924526	0.08472838
990.5248875	0.084778484
989.7232884	0.084827965
989.9146031	0.084874049
990.8857634	0.084921357
990.8190442	0.084965926
989.8380837	0.085012816
990.5101057	0.085060136
991.0003233	0.085105498
990.3696326	0.085150857
990.550763	0.085197891
990.9797677	0.085244839
990.904204	0.085288204
990.295085	0.085330351
991.2746445	0.085378198
991.5370218	0.085427277
990.793443	0.085473297
990.5518288	0.085517625
991.4074114	0.085563971
991.4966008	0.085610099
990.8239456	0.08565617
991.0588836	0.085702969
991.8625157	0.085749123
991.8335434	0.085792443
991.0587575	0.085840984
991.6715794	0.085886186
991.9368886	0.085927514
991.2795572	0.085977484
991.2987725	0.086025666
992.4082344	0.086068667
991.8650918	0.086117121
991.1107056	0.086157572
991.6946599	0.086202866
992.6629822	0.086254661
992.0000433	0.086298781
991.9687412	0.086344059
992.8071284	0.08639093
992.6834324	0.086434342
991.6646961	0.086481398
992.5081301	0.086531157
993.1409374	0.086576585
992.4177317	0.086617489
991.9185771	0.086665247
992.9177474	0.08671463
993.4507946	0.08675767
992.1466648	0.08680417
992.7242786	0.086851483
993.550244	0.086892372
992.6961843	0.086944164
992.1592561	0.086989986
993.3812785	0.087032977
993.4423745	0.087079569
992.7654206	0.087124519
993.0895316	0.087169997
993.851858	0.087214283
993.5984149	0.087265526
992.8181562	0.087309427
993.5484038	0.087359108
994.1270497	0.08740191
993.4425237	0.087446405
993.28508	0.087492726
994.4063228	0.087539874
993.9018015	0.087585402
993.511527	0.087631176
993.8804545	0.087673618
995.0177065	0.087720162
994.0427919	0.087772832
993.5847613	0.087814365
994.5923842	0.087859707
994.4939973	0.087907397
994.1329754	0.087946974
994.2912684	0.087994325
995.0927581	0.088044173
994.4572518	0.08809005
993.7943308	0.088131799
995.1473282	0.088183944
995.1283469	0.088228738
994.5261953	0.088268472
994.8413731	0.088322038
995.5243632	0.088355809
995.2316294	0.088412674
994.8431256	0.088452648
995.1326922	0.088496432
995.7302598	0.088550928
995.0403209	0.088591739
994.8197774	0.088641072
995.8981782	0.088682607
995.6857205	0.088729804
994.8568763	0.088772634
995.4410984	0.088818578
996.539301	0.08886849
995.4486057	0.088915619
995.1793385	0.088959086
995.8885426	0.089005492
996.265256	0.089049029
995.3221794	0.089094201
996.070285	0.089141625
996.7764168	0.089196004
995.7943138	0.089236975
995.2508126	0.089278773
996.5932354	0.0893228
996.3803576	0.08937181
995.7838361	0.089413419
996.1112191	0.089462191
997.0236623	0.089506928
996.1958727	0.08955597
995.8681984	0.08959902
996.9812435	0.089642572
997.4674961	0.089688631
996.5298994	0.089733317
996.426483	0.089787828
997.1157483	0.089826883
996.6975342	0.089874277
996.4807781	0.089917959
997.2902285	0.089965239
997.4008383	0.090010466
996.9926708	0.090056325
997.2602996	0.090103215
997.9855605	0.090146229
997.5546782	0.090200059
997.1238642	0.090238975
997.1361751	0.090285916
997.4729217	0.090333658
997.6594211	0.090375392
996.519703	0.090424989
998.3414318	0.090470949
998.6242165	0.090514896
997.4949817	0.090555101
997.598385	0.090605133
998.675151	0.090653495
998.139988	0.090697403
996.9105837	0.090743582
998.0020261	0.09078797
998.8519266	0.090835342
998.0435105	0.09087836
997.8382399	0.090926403
998.9365242	0.090972161
998.0686914	0.091017324
997.8474721	0.091064977
998.592163	0.091109118
998.9364605	0.091153224
998.0810191	0.091198561
998.4813722	0.091247424
999.506814	0.091288705
998.8524857	0.09133461
997.9415101	0.091380806
999.3427338	0.091427639
999.5215443	0.091473114
998.5223186	0.091523314
998.4158782	0.091567749
999.7256583	0.091608003
999.8908754	0.091659771
998.7824124	0.091703424
998.9661826	0.091751359
999.7951199	0.09179432
999.5466327	0.09183935
998.7433636	0.091884409
999.9105771	0.091933531
1000.195879	0.091975512
998.9164533	0.092020876
999.6092378	0.0920701
1000.62934	0.092108464
999.5949927	0.0921597
999.5486802	0.092205483
1000.147793	0.09225179
1000.476633	0.092297669
999.6934275	0.092340575
1000.214178	0.09238315
1000.88826	0.092434102
1000.130332	0.092481191
999.4977006	0.092523095
1000.507556	0.092566515
1000.5555	0.092614172
1000.000717	0.092659328
1000.108685	0.09270719
1001.425512	0.092750871
1001.274795	0.092799968
1000.079007	0.092840305
1000.01764	0.092886431
1001.377068	0.092934679
1001.292119	0.092979033
1000.716935	0.093025568
1001.314749	0.09307256
1001.647508	0.093111451
1000.516924	0.093163591
1000.961333	0.093206992
1001.704419	0.093253662
1001.5186	0.0932971
1001.358664	0.093347455
1001.853427	0.093389231
1001.897169	0.093437742
1001.393869	0.093484118
1001.316869	0.093525397
1002.332268	0.093570354
1001.941087	0.093622365
1000.950899	0.093663912
1001.918758	0.093709814
1002.501906	0.093754325
1001.568287	0.093800391
1001.553797	0.093845608
1002.665605	0.093890149
1002.38768	0.093937952
1001.556642	0.093980159
1002.097174	0.094032368
1002.831113	0.094075973
1002.313978	0.094116786
1001.949238	0.094166704
1003.247596	0.094211527
1002.991916	0.094258391
1002.31651	0.094302955
1002.415065	0.094349282
1003.400488	0.094384938
1002.706909	0.094440884
1002.551534	0.094486987
1003.21218	0.094527706
1003.431825	0.094575355
1002.2091	0.094623717
1002.927045	0.094662893
1003.846508	0.094710727
1003.620407	0.094755412
1002.392404	0.094803911
1003.303581	0.094847323
1003.776187	0.094888541
1003.203092	0.094939211
1003.162054	0.09498359
1003.914331	0.095029431
1003.840224	0.095074784
1002.635042	0.095125054
1003.654631	0.095165237
1004.312242	0.095212034
1003.811142	0.095252551
1003.454093	0.095304562
1004.371554	0.095351524
1004.435983	0.095390977
1003.318624	0.095442253
1003.660924	0.09548201
1004.857482	0.095528842
1004.240788	0.095573463
1003.60767	0.095621054
1004.775412	0.095665708
1004.929996	0.095707878
1004.056476	0.095754504
1004.398292	0.09580473
1005.170028	0.095849848
1004.860625	0.095894159
1003.922598	0.095938342
1005.16851	0.095982458
1005.26543	0.096030411
1004.552383	0.096076295
1004.735405	0.096125238
1005.441292	0.096165782
1005.004133	0.096212341
1004.422791	0.096256741
1005.279611	0.096303564
1005.834003	0.096346493
1005.058441	0.096392181
1004.681219	0.096435133
1005.986041	0.096484608
1005.591851	0.096531384
1004.757216	0.096573314
1005.707771	0.096619863
1006.274507	0.096666174
1005.592242	0.096714865
1005.214034	0.096759701
1005.859329	0.096803954
1006.243619	0.096847216
1005.355167	0.096895178
1005.491841	0.096942311
1006.44009	0.096981882
1005.988069	0.097031112
1005.193537	0.09707533
1006.521836	0.097122228
1006.830166	0.097168593
1005.718009	0.097213159
1006.115106	0.097259451
1006.866794	0.097302975
1006.236548	0.097355056
1005.661231	0.097393912
1006.69308	0.097439425
1007.091117	0.097480373
1005.975594	0.097531248
1006.31185	0.097571997
1006.932506	0.097621829
1007.107738	0.0976673
1006.37571	0.097715657
1006.73304	0.097754014
1007.589739	0.097798685
1006.365974	0.097848188
1006.370285	0.097891337
1007.506479	0.097938881
1007.683336	0.09798426
1006.605613	0.09802966
1007.09133	0.098074406
1007.804326	0.098119049
1006.851633	0.098167353
1006.682144	0.098210021
1007.785396	0.098254047
1007.984335	0.09830282
1007.105721	0.098347014
1007.079305	0.098390109
1007.871402	0.098435763
1007.537673	0.098481219
1007.106234	0.098529166
1008.006806	0.09857475
1008.299217	0.098621509
1007.235253	0.09866939
1007.343132	0.09870637
1008.353615	0.098753295
1008.316746	0.098798765
1007.544303	0.098847145
1008.188655	0.098893765
1008.476586	0.098937828
1007.989625	0.098983403
1007.938896	0.09902446
1008.62431	0.099070945
1008.782434	0.099116083
1007.526213	0.099164674
1008.445183	0.099208689
1009.182953	0.099252069
1008.33447	0.099299122
1008.285496	0.099349076
1009.082596	0.099390806
1009.014561	0.099435197
1008.149441	0.099473913
1008.416152	0.099526212
1009.48118	0.099574896
1008.7689	0.099615571
1008.224528	0.099660055
1009.403898	0.099709362
1009.597936	0.099753381
1008.720533	0.099802587
1008.654026	0.099846588
1009.466902	0.099891972
1009.477916	0.099933589
1008.836285	0.099979833
1009.397858	0.100024323
1009.886907	0.100062275
1009.259385	0.100119293
1008.940291	0.100159186
1010.161504	0.100201023
1010.042406	0.100251519
1008.881285	0.100296039
1009.67808	0.100343677
1009.703426	0.100389997
1009.75909	0.100433271
1009.237176	0.100481834
1010.32239	0.100524231
1010.365925	0.100568237
1009.242181	0.100614899
1009.757379	0.100656612
1010.756343	0.100703125
1010.360558	0.100751323
1009.972555	0.100793184
1010.588146	0.100841305
1010.799067	0.100885378
1009.499438	0.10093019
1009.702005	0.100968839
1011.168812	0.101015062
1010.582459	0.101066905
1009.513297	0.101110851
1010.69783	0.101153759
1010.817467	0.101199255
1010.221799	0.101246204
1010.748064	0.101291786
1011.491423	0.101338116
1010.801727	0.10138495
1009.768083	0.10142613
1010.949201	0.101470335
1011.548132	0.101516612
1010.750773	0.101565321
1010.745765	0.101607
1011.316303	0.101658261
1011.383746	0.101698106
1010.315887	0.101743216
1011.110012	0.10178943
1011.996972	0.101837142
1011.181796	0.10187889
1010.489789	0.101924633
1011.637593	0.101969882
1011.34612	0.102008509
1011.248571	0.102062157
1011.812007	0.102104045
1012.553122	0.102152653
	0.102193165
	0.102242717
	0.102286385
	0.102330841
	0.102374731
	0.102421999
	0.102467185
	0.102512124
	0.102557735
	0.102602508
	0.102650027
	0.102692017
	0.10274061
	0.102781238
	0.102825862
	0.10287282
	0.102918698
	0.102958849
	0.103005215
	0.103054691
	0.103098797
	0.103147195
	0.103190652
	0.103233092
	0.103280198
	0.103323194
	0.103370783
	0.103412472
	0.103457536
	0.103507539
	0.103546622
	0.103591531
	0.103639138
	0.103683543
	0.103731164
	0.103779207
	0.10382242
	0.103865501
	0.103910698
	0.103957714
	0.104001009
	0.1040473
	0.104095863
	0.10413476
	0.104178012
	0.104228029
	0.104273349
	0.104317406
	0.10436615
	0.104408893
	0.104453349
	0.104497024
	0.104541274
	0.104583364
	0.104631551
	0.104677064
	0.104721752
	0.104768009
	0.104816456
	0.104862349
	0.104903462
	0.104949067
	0.104996362
	0.105034094
	0.105083371
	0.105125799
	0.105172131
	0.105221149
	0.105262297
	0.105308214
	0.105352941
	0.105399596
	0.105439275
	0.105491722
	0.105533943
	0.105581337
	0.105620846
	0.105668384
	0.105712218
	0.105761267
	0.105799038
	0.105851628
	0.105894306
	0.105935404
	0.10598568
	0.106022246
	0.106075543
	0.106115689
	0.106165821
	0.106206908
	0.106251235
	0.106302268
	0.10634628
	0.106394633
	0.106439172
	0.106479205
	0.106522594
	0.106564206
	0.106610746
	0.10665923
	0.106699097
	0.106750979
	0.106795035
	0.106840998
	0.106882772
	0.10692622
	0.106972519
	0.107019727
	0.107067769
	0.107105796
	0.107150537
	0.107196282
	0.107237821
	0.107292307
	0.107337803
	0.107380719
	0.107419443
	0.10747294
	0.10751246
	0.107557977
	0.107601091
	0.107642734
	0.107688627
	0.10774496
	0.107787176
	0.107824292
	0.107873862
	0.107919138
	0.107957438
	0.108004331
	0.108051917
	0.10810236
	0.108140177
	0.108190095
	0.108232346
	0.108278185
	0.108324561
	0.10836323
	0.108408566
	0.108456828
	0.108497772
	0.108548412
	0.108588468
	0.108641436
	0.108680744
	0.108726477
	0.108770666
	0.108816794
	0.108857459
	0.108908538
	0.108949163
	0.108996319
	0.109043284
	0.10908497
	0.109130026
	0.109171404
	0.109220208
	0.109262819
	0.109309933
	0.109352097
	0.109400646
	0.109446763
	0.109486582
	0.10953343
	0.109577413
	0.10962077
	0.109665753
	0.109711728
	0.109759932
	0.109800097
	0.109845497
	0.109891078
	0.109933656
	0.109984184
	0.11002661
	0.110070244
	0.110117786
	0.110164587
	0.110205743
	0.11024867
	0.110293974
	0.110343686
	0.110385492
	0.110432809
	0.110475203
	0.110522967
	0.110570501
	0.110610812
	0.110655517
	0.110702951
	0.110746457
	0.110787065
	0.110833736
	0.110882875
	0.110929703
	0.110970049
	0.11101583
	0.111054208
	0.111098146
	0.111146154
	0.111195734
	0.111232973
	0.111281225
	0.111323578
	0.111372156
	0.111415848
	0.111462266
	0.111506562
	0.111549206
	0.111592129
	0.111644733
	0.111684111
	0.111724931
	0.111773079
	0.111818774
	0.111862043
	0.111909089
	0.1119548
	0.11200012
	0.112045648
	0.112088028
	0.112130655
	0.112180669
	0.11222071
	0.112267971
	0.112308746
	0.11236162
	0.112398941
	0.11244383
	0.112490991
	0.112531872
	0.112582411
	0.11262442
	0.112669352
	0.112714305
	0.112755284
	0.112801685
	0.112843268
	0.112893649
	0.112937229
	0.1129843
	0.113023907
	0.113070898
	0.113111206
	0.113158117
	0.113209486
	0.11324732
	0.113294542
	0.113336944
	0.113380796
	0.113432256
	0.113475576
	0.113516105
	0.113561149
	0.113608508
	0.113649786
	0.113696479
	0.11374417
	0.113786991
	0.113835588
	0.113876727
	0.113918199
	0.113963341
	0.114008985
	0.114054127
	0.114095195
	0.114143991
	0.11418535
	0.114229306
	0.114277565
	0.114322789
	0.114367057
	0.114408522
	0.11445502
	0.114499076
	0.114545614
	0.114587714
	0.114638688
	0.114680668
	0.114725116
	0.114767917
	0.114814318
	0.114858416
	0.114900579
	0.11494712
	0.114991966
	0.115034145
	0.115082905
	0.115126372
	0.115170559
	0.115212544
	0.115257988
	0.115302843
	0.115345436
	0.11539733
	0.115439959
	0.115482186
	0.115527405
	0.1155679
	0.115612602
	0.115658385
	0.11570498
	0.115750843
	0.115798054
	0.115842238
	0.115886265
	0.11592524
	0.115967638
	0.116014014
	0.116061764
	0.116105621
	0.116149484
	0.116197237
	0.116249447
	0.116282395
	0.116327559
	0.116371698
	0.116416391
	0.116465657
	0.11650679
	0.116551179
	0.116596488
	0.116638946
	0.116687431
	0.116726936
	0.116773557
	0.116818629
	0.116867038
	0.116914085
	0.116950867
	0.116998221
	0.117039875
	0.117085272
	0.11713403
	0.117173339
	0.117219846
	0.117266427
	0.1173075
	0.117352765
	0.11739946
	0.11743967
	0.117489464
	0.117528239
	0.117576445
	0.117625525
	0.11766378
	0.117711073
	0.117756009
	0.117797356
	0.117846314
	0.117889426
	0.117935366
	0.117973124
	0.118023358
	0.118062979
	0.118110462
	0.118148356
	0.118194084
	0.118242295
	0.1182871
	0.118329073
	0.118377073
	0.118418269
	0.118468063
	0.118514675
	0.118551918
	0.118595701
	0.118639713
	0.118689007
	0.118730422
	0.118779108
	0.118819165
	0.118867634
	0.118909321
	0.118951788
	0.119000472
	0.119042069
	0.119088565
	0.119132902
	0.119177268
	0.119218409
	0.119265345
	0.119308361
	0.119352399
	0.119399746
	0.11944063
	0.119485874
	0.119532908
	0.119583698
	0.119621766
	0.119662349
	0.119706039
	0.11975187
	0.119796576
	0.119843392
	0.119884377
	0.119927526
	0.119974659
	0.120020571
	0.120065779
	0.120107186
	0.120150861
	0.120193874
	0.120236153
	0.120285351
	0.120331452
	0.120373721
	0.120416396
	0.120463121
	0.120509857
	0.120553235
	0.120597157
	0.120638679
	0.120681351
	0.120730009
	0.120774273
	0.120818247
	0.120863858
	0.120904178
	0.120950547
	0.121000348
	0.121036657
	0.121086821
	0.121128349
	0.121170549
	0.1212161
	0.121261959
	0.121305115
	0.121349482
	0.121392159
	0.121443134
	0.121483244
	0.121532212
	0.121575121
	0.121616341
	0.121658361
	0.121707396
	0.121748762
	0.121789882
	0.121834741
	0.121884781
	0.121929582
	0.121963804
	0.122013687
	0.122056447
	0.122102206
	0.122148772
	0.122190836
	0.12223523
	0.122281595
	0.122326583
	0.122370926
	0.122415817
	0.122459179
	0.122500765
	0.1225501
	0.122587516
	0.122632657
	0.122679407
	0.122722784
	0.122767888
	0.122815348
	0.122863844
	0.122896057
	0.122945284
	0.122991572
	0.123035931
	0.1230753
	0.123120017
	0.123163468
	0.123216704
	0.123256933
	0.123298
	0.123347755
	0.123387444
	0.123435373
	0.123467935
	0.123516183
	0.123562379
	0.123610379
	0.123650804
	0.123699954
	0.123737429
	0.123783782
	0.123826934
	0.123879357


	
