0.0 	0.0
-280.8 	-1.23591E-04
-283.3 	-1.51386E-04
-286.1 	-1.56174E-04
-288.7 	-1.69433E-04
-291.2 	-1.75550E-04
-293.9 	-1.88811E-04
-296.3 	-1.95811E-04
-299.1 	-2.07762E-04
-301.4 	-2.15197E-04
-304.0 	-2.28911E-04
-306.0 	-2.38745E-04
-308.3 	-2.46182E-04
-310.6 	-2.61660E-04
-311.0 	-2.73121E-04
-312.0 	-2.81957E-04
-313.8 	-2.85528E-04
-316.3 	-2.91644E-04
-318.1 	-3.02158E-04
-320.1 	-3.12446E-04
-323.0 	-3.16386E-04
-325.6 	-3.30113E-04
-328.0 	-3.44707E-04
-330.7 	-3.57125E-04
-333.4 	-3.69326E-04
-335.8 	-3.91087E-04
-338.7 	-4.03064E-04
-339.5 	-4.25362E-04
-340.8 	-4.39610E-04
-342.7 	-4.42746E-04
-344.8 	-4.59124E-04
-346.5 	-4.70085E-04
-348.8 	-4.77543E-04
-351.4 	-4.90841E-04
-353.4 	-5.07657E-04
-355.8 	-5.22284E-04
-358.3 	-5.42979E-04
-360.4 	-5.58921E-04
-362.7 	-5.73985E-04
-364.6 	-5.91242E-04
-366.9 	-6.05224E-04
-368.6 	-6.31409E-04
-369.2 	-6.48521E-04
-370.3 	-6.56496E-04
-371.9 	-6.67917E-04
-373.4 	-6.80870E-04
-375.2 	-6.91413E-04
-377.4 	-6.99766E-04
-379.2 	-7.17466E-04
-381.1 	-7.28666E-04
-383.1 	-7.45057E-04
-384.7 	-7.63000E-04
-386.6 	-7.80719E-04
-388.3 	-7.92787E-04
-390.0 	-8.10301E-04
-390.4 	-8.29389E-04
-390.5 	-8.43077E-04
-391.6 	-8.50614E-04
-393.2 	-8.62492E-04
-394.6 	-8.68273E-04
-396.1 	-8.80585E-04
-398.0 	-8.91349E-04
-399.4 	-9.10627E-04
-400.8 	-9.24015E-04
-402.6 	-9.34587E-04
-403.9 	-9.48855E-04
-405.6 	-9.66381E-04
-407.3 	-9.78461E-04
-408.8 	-9.97954E-04
-410.6 	-1.01459E-03
-411.1 	-1.03370E-03
-411.0 	-1.04826E-03
-412.2 	-1.05582E-03
-414.1 	-1.06551E-03
-415.5 	-1.07826E-03
-417.0 	-1.09123E-03
-419.2 	-1.10678E-03
-421.2 	-1.12256E-03
-422.6 	-1.14293E-03
-424.6 	-1.15980E-03
-426.4 	-1.17754E-03
-428.3 	-1.20181E-03
-430.3 	-1.21868E-03
-431.7 	-1.23861E-03
-433.7 	-1.26201E-03
-433.5 	-1.29116E-03
-433.8 	-1.30354E-03
-435.1 	-1.31023E-03
-436.7 	-1.32212E-03
-438.0 	-1.33642E-03
-439.7 	-1.35353E-03
-441.6 	-1.36432E-03
-443.0 	-1.38472E-03
-444.9 	-1.40138E-03
-446.7 	-1.41915E-03
-448.1 	-1.44715E-03
-450.1 	-1.46251E-03
-452.0 	-1.48746E-03
-453.7 	-1.50654E-03
-455.1 	-1.53302E-03
-454.9 	-1.56262E-03
-455.9 	-1.57063E-03
-457.2 	-1.58385E-03
-458.6 	-1.59665E-03
-459.8 	-1.61835E-03
-461.4 	-1.63092E-03
-462.7 	-1.65068E-03
-464.1 	-1.66410E-03
-465.7 	-1.68320E-03
-466.9 	-1.70384E-03
-468.4 	-1.72337E-03
-469.6 	-1.74465E-03
-471.0 	-1.76507E-03
-471.6 	-1.78224E-03
-471.7 	-1.80357E-03
-472.3 	-1.81421E-03
-473.5 	-1.82788E-03
-475.0 	-1.83981E-03
-476.2 	-1.85457E-03
-477.8 	-1.86606E-03
-479.4 	-1.88560E-03
-480.4 	-1.90777E-03
-482.1 	-1.92645E-03
-483.3 	-1.94665E-03
-484.8 	-1.96663E-03
-486.4 	-1.98574E-03
-487.3 	-2.00880E-03
-488.4 	-2.03054E-03
-488.8 	-2.04904E-03
-488.7 	-2.07016E-03
-489.5 	-2.07994E-03
-490.7 	-2.08709E-03
-491.6 	-2.10405E-03
-492.9 	-2.11730E-03
-494.1 	-2.13099E-03
-495.0 	-2.14752E-03
-496.6 	-2.15902E-03
-497.7 	-2.18076E-03
-499.0 	-2.20164E-03
-499.9 	-2.21708E-03
-500.0 	-2.23842E-03
-500.0 	-2.25911E-03
-500.8 	-2.26128E-03
-502.3 	-2.27430E-03
-503.4 	-2.28844E-03
-504.8 	-2.30235E-03
-506.4 	-2.32039E-03
-507.9 	-2.33996E-03
-509.4 	-2.35997E-03
-511.0 	-2.37910E-03
-512.3 	-2.40653E-03
-513.8 	-2.42610E-03
-515.6 	-2.45090E-03
-517.1 	-2.47811E-03
-518.7 	-2.50379E-03
-519.0 	-2.53692E-03
-519.0 	-2.55826E-03
-520.0 	-2.57329E-03
-521.4 	-2.58612E-03
-522.6 	-2.60745E-03
-524.1 	-2.62704E-03
-525.7 	-2.64619E-03
-527.0 	-2.67406E-03
-528.4 	-2.69410E-03
-529.6 	-2.72198E-03
-530.7 	-2.74420E-03
-532.3 	-2.76335E-03
-533.3 	-2.79212E-03
-534.5 	-2.81391E-03
-535.2 	-2.84441E-03
-535.2 	-2.86621E-03
-535.7 	-2.87777E-03
-536.8 	-2.89192E-03
-537.7 	-2.91502E-03
-538.7 	-2.93005E-03
-540.2 	-2.94312E-03
-541.2 	-2.96469E-03
-542.4 	-2.97951E-03
-543.6 	-3.00086E-03
-544.6 	-3.02288E-03
-546.0 	-3.04293E-03
-546.8 	-3.06692E-03
-547.8 	-3.08916E-03
-547.7 	-3.11074E-03
-547.3 	-3.12711E-03
-547.7 	-3.13866E-03
-548.9 	-3.15239E-03
-550.1 	-3.16766E-03
-551.1 	-3.18226E-03
-552.5 	-3.19621E-03
-553.3 	-3.21212E-03
-554.5 	-3.23394E-03
-555.9 	-3.24679E-03
-556.8 	-3.26992E-03
-558.1 	-3.29084E-03
-559.5 	-3.31091E-03
-560.4 	-3.34058E-03
-561.8 	-3.36108E-03
-561.8 	-3.38902E-03
-561.4 	-3.41193E-03
-562.2 	-3.42175E-03
-563.6 	-3.43461E-03
-564.6 	-3.45075E-03
-565.8 	-3.47061E-03
-567.2 	-3.49112E-03
-568.3 	-3.51338E-03
-569.5 	-3.53476E-03
-570.9 	-3.55527E-03
-572.2 	-3.58234E-03
-573.5 	-3.60329E-03
-574.8 	-3.63079E-03
-575.9 	-3.65916E-03
-576.7 	-3.69039E-03
-575.8 	-3.71637E-03
-575.9 	-3.73012E-03
-577.1 	-3.74388E-03
-578.0 	-3.76047E-03
-579.4 	-3.78100E-03
-580.9 	-3.79301E-03
-582.6 	-3.81790E-03
-583.9 	-3.84694E-03
-585.3 	-3.86595E-03
-586.6 	-3.90111E-03
-587.5 	-3.92425E-03
-589.0 	-3.95048E-03
-590.1 	-3.97996E-03
-591.4 	-4.00749E-03
-591.8 	-4.04026E-03
-591.8 	-4.06865E-03
-592.2 	-4.08678E-03
-592.1 	-4.10907E-03
-592.5 	-4.12108E-03
-593.8 	-4.13441E-03
-594.8 	-4.14949E-03
-596.1 	-4.17004E-03
-597.4 	-4.19102E-03
-598.3 	-4.21463E-03
-599.3 	-4.23692E-03
-600.3 	-4.25965E-03
-601.1 	-4.27605E-03
-602.0 	-4.29878E-03
-601.3 	-4.33111E-03
-600.9 	-4.34794E-03
-601.5 	-4.35755E-03
-602.5 	-4.37373E-03
-603.2 	-4.38357E-03
-604.3 	-4.39780E-03
-605.8 	-4.41026E-03
-606.5 	-4.43431E-03
-607.7 	-4.45618E-03
-609.1 	-4.47630E-03
-610.0 	-4.49948E-03
-611.1 	-4.52179E-03
-610.8 	-4.55086E-03
-610.4 	-4.56682E-03
-610.9 	-4.58606E-03
-612.3 	-4.59241E-03
-613.3 	-4.61472E-03
-614.3 	-4.62983E-03
-615.4 	-4.65170E-03
-616.2 	-4.67576E-03
-617.2 	-4.69043E-03
-618.3 	-4.71274E-03
-618.9 	-4.73767E-03
-620.2 	-4.75759E-03
-621.2 	-4.78035E-03
-622.1 	-4.81077E-03
-623.4 	-4.83112E-03
-623.2 	-4.86043E-03
-622.9 	-4.88360E-03
-623.7 	-4.90002E-03
-625.2 	-4.91207E-03
-626.5 	-4.93309E-03
-627.5 	-4.96241E-03
-629.0 	-4.98212E-03
-630.1 	-5.01168E-03
-631.1 	-5.03335E-03
-632.5 	-5.06161E-03
-633.5 	-5.09707E-03
-634.6 	-5.11896E-03
-635.9 	-5.15422E-03
-636.8 	-5.18400E-03
-637.5 	-5.21617E-03
-636.9 	-5.24658E-03
-636.9 	-5.26846E-03
-637.7 	-5.28488E-03
-638.4 	-5.30897E-03
-639.3 	-5.32496E-03
-640.5 	-5.34601E-03
-641.6 	-5.36835E-03
-642.6 	-5.39113E-03
-643.4 	-5.41480E-03
-644.1 	-5.43889E-03
-645.3 	-5.45972E-03
-646.2 	-5.49061E-03
-647.0 	-5.51426E-03
-647.8 	-5.54449E-03
-647.0 	-5.56964E-03
-646.9 	-5.59241E-03
-647.6 	-5.60162E-03
-648.1 	-5.62046E-03
-649.1 	-5.63560E-03
-650.3 	-5.65709E-03
-650.9 	-5.67440E-03
-651.8 	-5.69106E-03
-652.9 	-5.71300E-03
-653.5 	-5.73688E-03
-654.6 	-5.75924E-03
-655.1 	-5.78423E-03
-655.9 	-5.80833E-03
-655.9 	-5.83680E-03
-655.0 	-5.85583E-03
-655.2 	-5.86876E-03
-656.2 	-5.87777E-03
-657.1 	-5.89291E-03
-657.9 	-5.90936E-03
-659.1 	-5.93086E-03
-660.0 	-5.94645E-03
-660.7 	-5.97100E-03
-661.7 	-5.99337E-03
-662.5 	-6.01750E-03
-663.2 	-6.03394E-03
-664.6 	-6.05458E-03
-665.4 	-6.08485E-03
-666.4 	-6.10766E-03
-667.2 	-6.13902E-03
-666.4 	-6.17077E-03
-666.5 	-6.18456E-03
-667.3 	-6.20168E-03
-668.1 	-6.22538E-03
-668.9 	-6.24183E-03
-670.0 	-6.26379E-03
-670.8 	-6.28749E-03
-671.8 	-6.30923E-03
-673.1 	-6.33030E-03
-673.7 	-6.36299E-03
-674.8 	-6.38384E-03
-675.6 	-6.41523E-03
-676.4 	-6.44593E-03
-677.1 	-6.47008E-03
-676.5 	-6.50205E-03
-676.2 	-6.52461E-03
-676.9 	-6.54152E-03
-678.1 	-6.55604E-03
-679.3 	-6.57800E-03
-680.2 	-6.59976E-03
-681.4 	-6.62896E-03
-682.3 	-6.65267E-03
-683.2 	-6.68209E-03
-684.4 	-6.71022E-03
-685.2 	-6.74094E-03
-686.2 	-6.77102E-03
-686.2 	-6.80611E-03
-685.8 	-6.82911E-03
-686.3 	-6.84844E-03
-686.9 	-6.87303E-03
-687.3 	-6.89169E-03
-688.3 	-6.91453E-03
-689.5 	-6.93608E-03
-690.1 	-6.95958E-03
-691.0 	-6.98332E-03
-691.3 	-7.01732E-03
-692.2 	-7.03338E-03
-693.0 	-7.06326E-03
-693.6 	-7.08829E-03
-694.5 	-7.11202E-03
-694.2 	-7.14185E-03
-693.7 	-7.16529E-03
-694.1 	-7.18396E-03
-694.8 	-7.20198E-03
-695.6 	-7.21804E-03
-696.5 	-7.24134E-03
-697.9 	-7.25435E-03
-698.6 	-7.28621E-03
-699.6 	-7.30909E-03
-700.5 	-7.33897E-03
-701.0 	-7.36445E-03
-701.7 	-7.38754E-03
-702.1 	-7.42157E-03
-702.9 	-7.44532E-03
-703.0 	-7.47232E-03
-702.0 	-7.49948E-03
-702.1 	-7.51330E-03
-702.8 	-7.53025E-03
-703.7 	-7.54588E-03
-704.3 	-7.57094E-03
-705.2 	-7.58767E-03
-705.9 	-7.61185E-03
-706.9 	-7.63365E-03
-707.7 	-7.65740E-03
-708.3 	-7.68246E-03
-709.5 	-7.70405E-03
-710.4 	-7.72737E-03
-711.2 	-7.75771E-03
-712.0 	-7.78849E-03
-711.0 	-7.82226E-03
-711.3 	-7.84137E-03
-711.8 	-7.86029E-03
-712.9 	-7.88275E-03
-713.9 	-7.90411E-03
-714.8 	-7.92745E-03
-716.1 	-7.95628E-03
-717.2 	-7.98491E-03
-718.1 	-8.01527E-03
-719.4 	-8.05027E-03
-720.1 	-8.08876E-03
-721.1 	-8.12484E-03
-721.4 	-8.15891E-03
-722.1 	-8.19674E-03
-722.2 	-8.23255E-03
-721.7 	-8.26371E-03
-721.7 	-8.28415E-03
-722.1 	-8.31054E-03
-722.7 	-8.32793E-03
-723.5 	-8.35172E-03
-724.6 	-8.37421E-03
-725.2 	-8.40588E-03
-726.2 	-8.42837E-03
-726.9 	-8.45918E-03
-727.5 	-8.49196E-03
-728.3 	-8.51509E-03
-728.7 	-8.54874E-03
-729.1 	-8.57471E-03
-729.0 	-8.60305E-03
-728.5 	-8.63422E-03
-728.6 	-8.65533E-03
-729.5 	-8.67100E-03
-730.2 	-8.68798E-03
-730.9 	-8.71264E-03
-731.8 	-8.73558E-03
-732.2 	-8.76199E-03
-733.0 	-8.78579E-03
-733.7 	-8.80936E-03
-734.4 	-8.83403E-03
-734.9 	-8.86683E-03
-735.2 	-8.89258E-03
-735.8 	-8.91769E-03
-735.1 	-8.94357E-03
-734.4 	-8.96837E-03
-734.6 	-8.98136E-03
-735.5 	-8.99704E-03
-736.1 	-9.01555E-03
-736.9 	-9.03870E-03
-738.0 	-9.05419E-03
-738.7 	-9.07887E-03
-739.6 	-9.10225E-03
-740.7 	-9.13049E-03
-741.2 	-9.15647E-03
-742.0 	-9.18689E-03
-742.3 	-9.21375E-03
-742.9 	-9.24504E-03
-744.1 	-9.26669E-03
-743.7 	-9.30448E-03
-743.4 	-9.33438E-03
-743.7 	-9.35354E-03
-744.4 	-9.37781E-03
-744.9 	-9.39720E-03
-745.7 	-9.41992E-03
-746.6 	-9.45102E-03
-747.1 	-9.47658E-03
-748.1 	-9.50571E-03
-748.9 	-9.52998E-03
-749.6 	-9.56128E-03
-750.2 	-9.59258E-03
-749.8 	-9.63106E-03
-749.4 	-9.65413E-03
-749.8 	-9.67244E-03
-750.9 	-9.69498E-03
-752.1 	-9.72325E-03
-752.9 	-9.75479E-03
-753.9 	-9.78394E-03
-755.0 	-9.81308E-03
-755.5 	-9.85297E-03
-756.5 	-9.88212E-03
-757.1 	-9.92157E-03
-757.8 	-9.96017E-03
-758.4 	-9.99963E-03
-758.9 	-1.00318E-02
-759.6 	-1.00709E-02
-758.9 	-1.01095E-02
-758.5 	-1.01331E-02
-758.6 	-1.01608E-02
-758.7 	-1.01890E-02
-759.3 	-1.02060E-02
-760.0 	-1.02308E-02
-760.4 	-1.02568E-02
-761.2 	-1.02806E-02
-761.5 	-1.03142E-02
-762.2 	-1.03389E-02
-762.9 	-1.03632E-02
-763.4 	-1.03958E-02
-763.9 	-1.04214E-02
-762.6 	-1.04570E-02
-761.7 	-1.04765E-02
-761.8 	-1.04966E-02
-762.8 	-1.05052E-02
-764.2 	-1.05257E-02
-764.9 	-1.05504E-02
-766.0 	-1.05719E-02
-766.7 	-1.06039E-02
-767.3 	-1.06291E-02
-768.4 	-1.06578E-02
-769.1 	-1.06892E-02
-769.7 	-1.07205E-02
-769.8 	-1.07560E-02
-770.3 	-1.07821E-02
-770.4 	-1.08087E-02
-769.7 	-1.08413E-02
-769.4 	-1.08651E-02
-769.9 	-1.08830E-02
-770.8 	-1.09064E-02
-771.2 	-1.09325E-02
-772.3 	-1.09540E-02
-773.4 	-1.09761E-02
-773.8 	-1.10099E-02
-774.6 	-1.10404E-02
-775.3 	-1.10718E-02
-775.9 	-1.11036E-02
-776.7 	-1.11347E-02
-777.5 	-1.11657E-02
-778.3 	-1.12039E-02
-779.0 	-1.12415E-02
-777.6 	-1.12856E-02
-777.3 	-1.13083E-02
-777.8 	-1.13339E-02
-778.5 	-1.13583E-02
-779.3 	-1.13826E-02
-780.4 	-1.14114E-02
-781.7 	-1.14471E-02
-782.4 	-1.14846E-02
-783.2 	-1.15163E-02
-783.7 	-1.15551E-02
-784.4 	-1.15943E-02
-784.8 	-1.16347E-02
-785.2 	-1.16751E-02
-785.6 	-1.17082E-02
-784.3 	-1.17504E-02
-783.8 	-1.17751E-02
-784.3 	-1.17996E-02
-784.7 	-1.18262E-02
-785.3 	-1.18514E-02
-786.4 	-1.18736E-02
-787.4 	-1.19033E-02
-787.7 	-1.19375E-02
-788.5 	-1.19685E-02
-788.7 	-1.20021E-02
-789.5 	-1.20326E-02
-790.0 	-1.20726E-02
-790.3 	-1.21062E-02
-789.8 	-1.21452E-02
-788.3 	-1.21748E-02
-788.1 	-1.21905E-02
-788.6 	-1.22084E-02
-789.8 	-1.22236E-02
-790.6 	-1.22541E-02
-791.3 	-1.22785E-02
-791.8 	-1.23042E-02
-792.3 	-1.23369E-02
-792.8 	-1.23626E-02
-793.0 	-1.23895E-02
-793.7 	-1.24210E-02
-793.9 	-1.24484E-02
-794.4 	-1.24740E-02
-794.9 	-1.25063E-02
-794.0 	-1.25402E-02
-793.4 	-1.25647E-02
-793.9 	-1.25760E-02
-794.9 	-1.25991E-02
-795.4 	-1.26248E-02
-796.1 	-1.26491E-02
-797.3 	-1.26698E-02
-798.0 	-1.27020E-02
-798.7 	-1.27334E-02
-799.7 	-1.27704E-02
-800.4 	-1.28019E-02
-800.9 	-1.28419E-02
-800.4 	-1.28799E-02
-800.2 	-1.29094E-02
-800.3 	-1.29377E-02
-800.8 	-1.29630E-02
-800.7 	-1.29910E-02
-801.3 	-1.30163E-02
-802.2 	-1.30476E-02
-803.4 	-1.30760E-02
-804.0 	-1.31079E-02
-804.8 	-1.31462E-02
-805.1 	-1.31794E-02
-805.9 	-1.32178E-02
-806.5 	-1.32497E-02
-806.9 	-1.32902E-02
-806.3 	-1.33290E-02
-805.3 	-1.33633E-02
-805.4 	-1.33912E-02
-806.0 	-1.34165E-02
-806.8 	-1.34405E-02
-807.4 	-1.34724E-02
-808.3 	-1.35026E-02
-809.1 	-1.35332E-02
-809.4 	-1.35679E-02
-810.0 	-1.35994E-02
-810.4 	-1.36404E-02
-811.0 	-1.36719E-02
-811.4 	-1.37124E-02
-811.8 	-1.37456E-02
-811.1 	-1.37849E-02
-810.3 	-1.38179E-02
-810.0 	-1.38418E-02
-810.0 	-1.38623E-02
-810.3 	-1.38894E-02
-811.1 	-1.39061E-02
-811.9 	-1.39296E-02
-812.8 	-1.39603E-02
-813.3 	-1.39856E-02
-814.2 	-1.40158E-02
-814.6 	-1.40501E-02
-815.2 	-1.40820E-02
-816.0 	-1.41123E-02
-816.2 	-1.41541E-02
-816.3 	-1.41891E-02
-815.3 	-1.42234E-02
-814.9 	-1.42462E-02
-815.3 	-1.42728E-02
-816.0 	-1.42972E-02
-816.2 	-1.43247E-02
-817.0 	-1.43414E-02
-817.6 	-1.43740E-02
-818.2 	-1.44060E-02
-819.1 	-1.44362E-02
-819.5 	-1.44701E-02
-820.0 	-1.45025E-02
-820.4 	-1.45353E-02
-820.6 	-1.45699E-02
-820.5 	-1.45991E-02
-818.9 	-1.46365E-02
-818.4 	-1.46539E-02
-818.9 	-1.46719E-02
-819.9 	-1.46951E-02
-820.0 	-1.47230E-02
-820.7 	-1.47474E-02
-821.8 	-1.47702E-02
-822.3 	-1.48026E-02
-823.2 	-1.48262E-02
-824.0 	-1.48564E-02
-824.5 	-1.48970E-02
-825.3 	-1.49273E-02
-826.4 	-1.49640E-02
-826.7 	-1.50054E-02
-827.4 	-1.50436E-02
-827.1 	-1.50881E-02
-826.7 	-1.51257E-02
-826.8 	-1.51536E-02
-827.4 	-1.51867E-02
-827.9 	-1.52191E-02
-828.5 	-1.52511E-02
-829.3 	-1.52896E-02
-829.6 	-1.53306E-02
-830.4 	-1.53613E-02
-830.8 	-1.54024E-02
-831.1 	-1.54423E-02
-831.4 	-1.54838E-02
-831.6 	-1.55179E-02
-832.0 	-1.55585E-02
-831.1 	-1.55987E-02
-830.3 	-1.56319E-02
-830.6 	-1.56527E-02
-830.7 	-1.56796E-02
-830.8 	-1.57075E-02
-831.6 	-1.57316E-02
-832.7 	-1.57606E-02
-833.2 	-1.57945E-02
-834.0 	-1.58253E-02
-834.1 	-1.58672E-02
-834.7 	-1.58926E-02
-835.1 	-1.59325E-02
-835.4 	-1.59669E-02
-835.6 	-1.60011E-02
-833.9 	-1.60394E-02
-833.5 	-1.60631E-02
-833.8 	-1.60897E-02
-834.3 	-1.61078E-02
-834.7 	-1.61344E-02
-835.5 	-1.61585E-02
-836.4 	-1.61888E-02
-836.8 	-1.62151E-02
-837.4 	-1.62471E-02
-837.5 	-1.62828E-02
-838.2 	-1.63078E-02
-838.0 	-1.63441E-02
-836.7 	-1.63803E-02
-836.4 	-1.64026E-02
-837.0 	-1.64203E-02
-837.7 	-1.64452E-02
-838.2 	-1.64706E-02
-839.1 	-1.64947E-02
-839.6 	-1.65272E-02
-839.8 	-1.65543E-02
-840.9 	-1.65771E-02
-841.8 	-1.66148E-02
-842.4 	-1.66468E-02
-843.2 	-1.66853E-02
-843.7 	-1.67245E-02
-844.3 	-1.67643E-02
-843.8 	-1.68101E-02
-842.6 	-1.68454E-02
-842.5 	-1.68669E-02
-843.2 	-1.68915E-02
-843.8 	-1.69235E-02
-844.2 	-1.69576E-02
-845.1 	-1.69883E-02
-845.6 	-1.70204E-02
-846.1 	-1.70607E-02
-847.1 	-1.70902E-02
-847.9 	-1.71358E-02
-848.4 	-1.71756E-02
-849.2 	-1.72208E-02
-849.6 	-1.72620E-02
-850.1 	-1.73085E-02
-849.6 	-1.73610E-02
-848.8 	-1.74024E-02
-848.8 	-1.74308E-02
-849.0 	-1.74651E-02
-849.3 	-1.74989E-02
-849.9 	-1.75305E-02
-850.5 	-1.75704E-02
-850.8 	-1.76042E-02
-851.1 	-1.76453E-02
-851.5 	-1.76794E-02
-852.0 	-1.77190E-02
-852.2 	-1.77611E-02
-852.4 	-1.77949E-02
-852.6 	-1.78302E-02
-851.2 	-1.78735E-02
-850.7 	-1.78976E-02
-851.0 	-1.79244E-02
-851.2 	-1.79519E-02
-851.5 	-1.79713E-02
-852.2 	-1.80037E-02
-853.0 	-1.80272E-02
-853.6 	-1.80604E-02
-854.1 	-1.80929E-02
-854.3 	-1.81268E-02
-855.1 	-1.81591E-02
-855.4 	-1.81992E-02
-855.7 	-1.82341E-02
-856.1 	-1.82671E-02
-855.0 	-1.83087E-02
-854.5 	-1.83339E-02
-854.7 	-1.83600E-02
-854.9 	-1.83880E-02
-855.2 	-1.84148E-02
-856.1 	-1.84385E-02
-856.4 	-1.84652E-02
-856.8 	-1.84987E-02
-857.4 	-1.85308E-02
-858.1 	-1.85632E-02
-858.7 	-1.85953E-02
-859.4 	-1.86266E-02
-859.7 	-1.86678E-02
-860.1 	-1.87090E-02
-859.3 	-1.87489E-02
-858.6 	-1.87816E-02
-858.7 	-1.88019E-02
-859.4 	-1.88269E-02
-859.6 	-1.88608E-02
-860.3 	-1.88858E-02
-861.2 	-1.89236E-02
-861.9 	-1.89553E-02
-862.4 	-1.89879E-02
-863.3 	-1.90261E-02
-863.7 	-1.90669E-02
-864.4 	-1.91127E-02
-865.0 	-1.91522E-02
-865.4 	-1.92001E-02
-865.6 	-1.92422E-02
-864.6 	-1.92907E-02
-863.9 	-1.93302E-02
-864.2 	-1.93574E-02
-864.4 	-1.93917E-02
-864.7 	-1.94185E-02
-865.2 	-1.94515E-02
-865.1 	-1.94871E-02
-865.6 	-1.95208E-02
-866.6 	-1.95504E-02
-867.1 	-1.95913E-02
-867.6 	-1.96312E-02
-867.7 	-1.96727E-02
-867.9 	-1.97148E-02
-867.5 	-1.97525E-02
-866.8 	-1.97853E-02
-866.4 	-1.98164E-02
-867.1 	-1.98415E-02
-867.2 	-1.98762E-02
-867.5 	-1.99035E-02
-868.0 	-1.99357E-02
-868.2 	-1.99637E-02
-868.8 	-1.99955E-02
-869.6 	-2.00275E-02
-869.7 	-2.00623E-02
-870.1 	-2.01036E-02
-868.8 	-2.01387E-02
-867.9 	-2.01657E-02
-868.0 	-2.01860E-02
-868.1 	-2.02145E-02
-868.2 	-2.02348E-02
-869.0 	-2.02590E-02
-870.2 	-2.02811E-02
-870.6 	-2.03146E-02
-871.1 	-2.03479E-02
-871.0 	-2.03777E-02
-871.4 	-2.04030E-02
-872.1 	-2.04355E-02
-872.4 	-2.04694E-02
-872.9 	-2.05020E-02
-873.4 	-2.05347E-02
-873.0 	-2.05732E-02
-872.3 	-2.06060E-02
-872.7 	-2.06317E-02
-873.4 	-2.06642E-02
-873.8 	-2.06910E-02
-874.4 	-2.07228E-02
-875.1 	-2.07542E-02
-875.5 	-2.07950E-02
-876.1 	-2.08273E-02
-876.5 	-2.08686E-02
-876.9 	-2.09017E-02
-877.6 	-2.09475E-02
-877.8 	-2.09897E-02
-878.0 	-2.10315E-02
-876.8 	-2.10740E-02
-876.2 	-2.11064E-02
-876.3 	-2.11345E-02
-876.9 	-2.11601E-02
-877.0 	-2.11882E-02
-877.6 	-2.12204E-02
-878.2 	-2.12527E-02
-878.5 	-2.12862E-02
-879.1 	-2.13191E-02
-879.3 	-2.13535E-02
-879.8 	-2.13944E-02
-880.6 	-2.14250E-02
-881.3 	-2.14646E-02
-881.7 	-2.15118E-02
-882.1 	-2.15531E-02
-881.4 	-2.15989E-02
-881.0 	-2.16379E-02
-881.4 	-2.16714E-02
-881.6 	-2.17058E-02
-881.8 	-2.17409E-02
-882.6 	-2.17786E-02
-883.1 	-2.18195E-02
-883.3 	-2.18535E-02
-883.8 	-2.18940E-02
-883.9 	-2.19367E-02
-884.4 	-2.19772E-02
-884.5 	-2.20187E-02
-884.9 	-2.20601E-02
-883.9 	-2.21014E-02
-882.8 	-2.21364E-02
-882.6 	-2.21662E-02
-883.0 	-2.21927E-02
-883.5 	-2.22191E-02
-883.9 	-2.22523E-02
-884.4 	-2.22779E-02
-884.9 	-2.23106E-02
-885.5 	-2.23507E-02
-885.8 	-2.23847E-02
-886.0 	-2.24202E-02
-886.5 	-2.24529E-02
-887.0 	-2.24935E-02
-887.4 	-2.25266E-02
-887.8 	-2.25676E-02
-886.5 	-2.26106E-02
-885.9 	-2.26426E-02
-886.1 	-2.26704E-02
-886.2 	-2.26979E-02
-886.5 	-2.27248E-02
-887.2 	-2.27577E-02
-887.3 	-2.27848E-02
-887.7 	-2.28191E-02
-888.1 	-2.28527E-02
-888.6 	-2.28787E-02
-889.2 	-2.29184E-02
-889.5 	-2.29524E-02
-889.9 	-2.29856E-02
-890.6 	-2.30249E-02
-890.0 	-2.30641E-02
-889.2 	-2.31041E-02
-889.4 	-2.31318E-02
-890.0 	-2.31570E-02
-890.5 	-2.31898E-02
-891.2 	-2.32228E-02
-892.2 	-2.32593E-02
-892.7 	-2.32998E-02
-893.2 	-2.33404E-02
-894.0 	-2.33856E-02
-894.1 	-2.34287E-02
-894.6 	-2.34693E-02
-895.0 	-2.35170E-02
-895.4 	-2.35648E-02
-895.4 	-2.36079E-02
-894.1 	-2.36588E-02
-893.5 	-2.36897E-02
-893.5 	-2.37266E-02
-893.6 	-2.37537E-02
-894.0 	-2.37880E-02
-894.7 	-2.38199E-02
-894.9 	-2.38622E-02
-895.3 	-2.38954E-02
-895.4 	-2.39304E-02
-895.8 	-2.39651E-02
-895.7 	-2.40076E-02
-894.6 	-2.40431E-02
-894.1 	-2.40747E-02
-894.4 	-2.41021E-02
-894.6 	-2.41299E-02
-894.8 	-2.41577E-02
-895.4 	-2.41818E-02
-895.8 	-2.42165E-02
-896.3 	-2.42426E-02
-896.7 	-2.42759E-02
-897.1 	-2.43091E-02
-897.7 	-2.43415E-02
-898.2 	-2.43817E-02
-898.2 	-2.44175E-02
-897.6 	-2.44574E-02
-897.4 	-2.44877E-02
-896.8 	-2.45187E-02
-897.0 	-2.45402E-02
-897.5 	-2.45726E-02
-897.7 	-2.46008E-02
-898.2 	-2.46265E-02
-899.3 	-2.46559E-02
-899.8 	-2.46887E-02
-900.2 	-2.47298E-02
-900.9 	-2.47613E-02
-901.1 	-2.48041E-02
-901.5 	-2.48447E-02
-901.7 	-2.48871E-02
-902.2 	-2.49199E-02
-901.7 	-2.49661E-02
-900.7 	-2.50075E-02
-900.5 	-2.50301E-02
-901.0 	-2.50640E-02
-901.4 	-2.50973E-02
-901.7 	-2.51242E-02
-902.5 	-2.51621E-02
-903.1 	-2.51956E-02
-903.4 	-2.52364E-02
-903.9 	-2.52704E-02
-904.0 	-2.53128E-02
-904.5 	-2.53523E-02
-904.3 	-2.53973E-02
-904.7 	-2.54306E-02
-904.9 	-2.54725E-02
-904.0 	-2.55135E-02
-903.5 	-2.55452E-02
-903.7 	-2.55730E-02
-904.1 	-2.56063E-02
-904.3 	-2.56345E-02
-905.0 	-2.56661E-02
-905.9 	-2.57043E-02
-906.3 	-2.57454E-02
-907.0 	-2.57848E-02
-907.4 	-2.58252E-02
-907.7 	-2.58668E-02
-908.3 	-2.59071E-02
-908.5 	-2.59562E-02
-908.7 	-2.59982E-02
-907.8 	-2.60470E-02
-906.9 	-2.60876E-02
-907.0 	-2.61159E-02
-907.3 	-2.61500E-02
-907.3 	-2.61859E-02
-907.7 	-2.62203E-02
-908.0 	-2.62540E-02
-908.2 	-2.62886E-02
-908.9 	-2.63285E-02
-908.9 	-2.63639E-02
-909.5 	-2.63964E-02
-909.6 	-2.64392E-02
-909.4 	-2.64771E-02
-908.9 	-2.65155E-02
-908.3 	-2.65481E-02
-907.7 	-2.65795E-02
-908.0 	-2.66065E-02
-908.5 	-2.66327E-02
-908.8 	-2.66601E-02
-909.4 	-2.66926E-02
-910.1 	-2.67254E-02
-910.5 	-2.67587E-02
-911.0 	-2.67916E-02
-911.3 	-2.68253E-02
-911.7 	-2.68669E-02
-912.0 	-2.69007E-02
-912.0 	-2.69440E-02
-912.2 	-2.69802E-02
-910.8 	-2.70237E-02
-910.1 	-2.70489E-02
-910.3 	-2.70700E-02
-910.5 	-2.70968E-02
-910.6 	-2.71251E-02
-911.2 	-2.71576E-02
-911.5 	-2.71846E-02
-911.8 	-2.72121E-02
-912.5 	-2.72437E-02
-912.9 	-2.72782E-02
-913.3 	-2.73120E-02
-913.6 	-2.73458E-02
-913.7 	-2.73824E-02
-913.8 	-2.74174E-02
-914.2 	-2.74508E-02
-913.1 	-2.74926E-02
-913.0 	-2.75155E-02
-913.5 	-2.75417E-02
-914.3 	-2.75729E-02
-914.6 	-2.76071E-02
-915.3 	-2.76399E-02
-916.2 	-2.76770E-02
-916.8 	-2.77170E-02
-917.6 	-2.77565E-02
-918.3 	-2.78023E-02
-918.7 	-2.78507E-02
-919.1 	-2.78987E-02
-918.3 	-2.79542E-02
-917.5 	-2.79948E-02
-917.6 	-2.80299E-02
-917.6 	-2.80654E-02
-917.7 	-2.81020E-02
-918.4 	-2.81337E-02
-918.8 	-2.81749E-02
-919.1 	-2.82166E-02
-919.6 	-2.82563E-02
-919.7 	-2.82993E-02
-920.1 	-2.83409E-02
-920.3 	-2.83902E-02
-920.5 	-2.84323E-02
-920.6 	-2.84753E-02
-918.9 	-2.85206E-02
-918.4 	-2.85528E-02
-918.6 	-2.85796E-02
-918.9 	-2.86149E-02
-919.0 	-2.86433E-02
-919.7 	-2.86750E-02
-920.3 	-2.87150E-02
-920.6 	-2.87493E-02
-920.8 	-2.87839E-02
-921.0 	-2.88265E-02
-921.5 	-2.88595E-02
-921.6 	-2.89025E-02
-921.8 	-2.89371E-02
-920.8 	-2.89793E-02
-919.6 	-2.90142E-02
-919.5 	-2.90371E-02
-920.0 	-2.90634E-02
-920.2 	-2.90902E-02
-920.6 	-2.91173E-02
-921.3 	-2.91498E-02
-921.7 	-2.91836E-02
-922.2 	-2.92099E-02
-923.0 	-2.92479E-02
-923.3 	-2.92829E-02
-923.9 	-2.93222E-02
-924.1 	-2.93643E-02
-924.4 	-2.93998E-02
-924.9 	-2.94391E-02
-923.9 	-2.94889E-02
-922.9 	-2.95232E-02
-923.0 	-2.95520E-02
-923.8 	-2.95834E-02
-924.3 	-2.96164E-02
-924.8 	-2.96501E-02
-925.6 	-2.96882E-02
-925.7 	-2.97312E-02
-926.1 	-2.97646E-02
-927.1 	-2.98030E-02
-927.3 	-2.98519E-02
-927.9 	-2.98987E-02
-927.8 	-2.99434E-02
-927.9 	-2.99865E-02
-926.3 	-3.00389E-02
-925.7 	-3.00715E-02
-925.8 	-3.00988E-02
-926.4 	-3.01325E-02
-926.6 	-3.01673E-02
-927.1 	-3.02003E-02
-927.8 	-3.02332E-02
-928.2 	-3.02734E-02
-928.7 	-3.03139E-02
-929.5 	-3.03536E-02
-929.9 	-3.04013E-02
-930.4 	-3.04489E-02
-930.7 	-3.04979E-02
-930.8 	-3.05410E-02
-930.3 	-3.05938E-02
-929.1 	-3.06377E-02
-928.6 	-3.06684E-02
-928.7 	-3.07051E-02
-928.6 	-3.07416E-02
-928.8 	-3.07691E-02
-929.5 	-3.08014E-02
-930.1 	-3.08415E-02
-930.5 	-3.08754E-02
-930.8 	-3.09172E-02
-930.8 	-3.09607E-02
-931.1 	-3.09950E-02
-931.0 	-3.10394E-02
-931.5 	-3.10720E-02
-930.7 	-3.11202E-02
-929.5 	-3.11563E-02
-929.3 	-3.11790E-02
-929.6 	-3.12061E-02
-929.8 	-3.12342E-02
-930.2 	-3.12613E-02
-931.0 	-3.12927E-02
-931.5 	-3.13254E-02
-932.0 	-3.13664E-02
-932.7 	-3.13982E-02
-933.0 	-3.14404E-02
-933.5 	-3.14814E-02
-933.5 	-3.15170E-02
-933.7 	-3.15597E-02
-933.6 	-3.16026E-02
-932.2 	-3.16399E-02
-931.6 	-3.16722E-02
-931.9 	-3.16998E-02
-932.1 	-3.17278E-02
-932.5 	-3.17550E-02
-933.0 	-3.17877E-02
-933.3 	-3.18221E-02
-933.6 	-3.18560E-02
-934.4 	-3.18886E-02
-934.9 	-3.19284E-02
-935.4 	-3.19627E-02
-935.2 	-3.20075E-02
-934.6 	-3.20466E-02
-934.2 	-3.20780E-02
-934.6 	-3.21041E-02
-934.8 	-3.21400E-02
-935.3 	-3.21727E-02
-935.9 	-3.22054E-02
-936.8 	-3.22439E-02
-937.2 	-3.22858E-02
-937.8 	-3.23327E-02
-938.4 	-3.23729E-02
-938.6 	-3.24224E-02
-939.1 	-3.24634E-02
-939.1 	-3.25137E-02
-939.5 	-3.25552E-02
-938.8 	-3.26098E-02
-937.6 	-3.26527E-02
-937.1 	-3.26909E-02
-937.0 	-3.27211E-02
-936.9 	-3.27504E-02
-937.5 	-3.27831E-02
-938.0 	-3.28174E-02
-938.2 	-3.28522E-02
-939.0 	-3.28912E-02
-939.7 	-3.29314E-02
-939.8 	-3.29730E-02
-940.2 	-3.30149E-02
-940.3 	-3.30581E-02
-940.5 	-3.30997E-02
-939.2 	-3.31442E-02
-938.5 	-3.31773E-02
-938.5 	-3.32051E-02
-938.6 	-3.32336E-02
-938.6 	-3.32709E-02
-939.2 	-3.32957E-02
-939.6 	-3.33304E-02
-939.8 	-3.33653E-02
-940.3 	-3.34064E-02
-940.4 	-3.34417E-02
-940.7 	-3.34757E-02
-940.9 	-3.35117E-02
-941.0 	-3.35470E-02
-940.5 	-3.35857E-02
-939.2 	-3.36222E-02
-938.9 	-3.36454E-02
-939.0 	-3.36675E-02
-938.9 	-3.36969E-02
-939.1 	-3.37243E-02
-939.8 	-3.37426E-02
-940.8 	-3.37729E-02
-941.4 	-3.38056E-02
-942.0 	-3.38391E-02
-942.4 	-3.38795E-02
-942.6 	-3.39155E-02
-943.2 	-3.39479E-02
-943.6 	-3.39894E-02
-944.0 	-3.40298E-02
-944.1 	-3.40730E-02
-943.4 	-3.41145E-02
-943.0 	-3.41449E-02
-943.3 	-3.41801E-02
-943.6 	-3.42145E-02
-943.8 	-3.42494E-02
-944.5 	-3.42825E-02
-945.2 	-3.43212E-02
-945.3 	-3.43645E-02
-945.9 	-3.44047E-02
-946.0 	-3.44480E-02
-946.4 	-3.44884E-02
-947.0 	-3.45355E-02
-947.2 	-3.45783E-02
-947.6 	-3.46267E-02
-947.5 	-3.46791E-02
-946.4 	-3.47212E-02
-946.2 	-3.47582E-02
-946.5 	-3.47927E-02
-946.5 	-3.48368E-02
-946.8 	-3.48720E-02
-947.4 	-3.49112E-02
-947.6 	-3.49540E-02
-948.1 	-3.49952E-02
-948.0 	-3.50397E-02
-948.3 	-3.50738E-02
-948.6 	-3.51158E-02
-948.7 	-3.51659E-02
-948.5 	-3.52108E-02
-947.1 	-3.52551E-02
-946.4 	-3.52883E-02
-946.5 	-3.53089E-02
-946.8 	-3.53435E-02
-946.8 	-3.53725E-02
-947.3 	-3.54057E-02
-947.7 	-3.54405E-02
-947.9 	-3.54755E-02
-948.4 	-3.55087E-02
-948.4 	-3.55461E-02
-948.9 	-3.55793E-02
-949.5 	-3.56117E-02
-949.7 	-3.56546E-02
-949.8 	-3.56979E-02
-948.8 	-3.57396E-02
-948.0 	-3.57658E-02
-948.1 	-3.57944E-02
-948.6 	-3.58276E-02
-948.4 	-3.58579E-02
-948.9 	-3.58844E-02
-949.5 	-3.59168E-02
-949.9 	-3.59516E-02
-950.6 	-3.59841E-02
-951.3 	-3.60240E-02
-951.3 	-3.60666E-02
-951.8 	-3.61010E-02
-950.5 	-3.61524E-02
-949.8 	-3.61845E-02
-949.9 	-3.62131E-02
-950.2 	-3.62404E-02
-950.4 	-3.62690E-02
-951.0 	-3.63015E-02
-951.6 	-3.63339E-02
-951.9 	-3.63764E-02
-952.5 	-3.64089E-02
-952.7 	-3.64518E-02
-953.0 	-3.64859E-02
-953.7 	-3.65263E-02
-953.8 	-3.65696E-02
-954.3 	-3.66104E-02
-954.5 	-3.66522E-02
-953.9 	-3.66998E-02
-953.4 	-3.67397E-02
-953.7 	-3.67739E-02
-954.0 	-3.68164E-02
-954.2 	-3.68514E-02
-954.9 	-3.68834E-02
-955.3 	-3.69315E-02
-955.4 	-3.69753E-02
-955.9 	-3.70161E-02
-956.5 	-3.70637E-02
-956.9 	-3.71054E-02
-957.3 	-3.71603E-02
-957.2 	-3.72049E-02
-957.1 	-3.72563E-02
-956.3 	-3.73048E-02
-955.5 	-3.73457E-02
-955.4 	-3.73831E-02
-955.2 	-3.74202E-02
-955.4 	-3.74553E-02
-955.9 	-3.74897E-02
-956.2 	-3.75311E-02
-956.4 	-3.75669E-02
-957.0 	-3.76066E-02
-957.5 	-3.76475E-02
-957.8 	-3.76900E-02
-957.7 	-3.77343E-02
-957.9 	-3.77761E-02
-957.1 	-3.78250E-02
-955.9 	-3.78608E-02
-955.5 	-3.78928E-02
-955.6 	-3.79214E-02
-955.5 	-3.79498E-02
-955.8 	-3.79776E-02
-956.2 	-3.80130E-02
-956.1 	-3.80413E-02
-956.5 	-3.80687E-02
-956.8 	-3.81041E-02
-957.1 	-3.81383E-02
-957.8 	-3.81708E-02
-958.0 	-3.82058E-02
-958.4 	-3.82476E-02
-958.3 	-3.82839E-02
-956.9 	-3.83214E-02
-956.4 	-3.83534E-02
-956.8 	-3.83804E-02
-957.0 	-3.84087E-02
-957.4 	-3.84361E-02
-958.1 	-3.84682E-02
-959.0 	-3.84990E-02
-959.3 	-3.85333E-02
-959.9 	-3.85742E-02
-960.6 	-3.86074E-02
-960.8 	-3.86568E-02
-961.5 	-3.86962E-02
-961.5 	-3.87401E-02
-961.8 	-3.87822E-02
-960.9 	-3.88316E-02
-959.8 	-3.88674E-02
-959.6 	-3.88966E-02
-959.8 	-3.89249E-02
-959.9 	-3.89604E-02
-960.4 	-3.89945E-02
-961.1 	-3.90267E-02
-961.1 	-3.90630E-02
-961.5 	-3.90980E-02
-961.9 	-3.91390E-02
-962.0 	-3.91753E-02
-962.9 	-3.92134E-02
-963.2 	-3.92556E-02
-963.5 	-3.92978E-02
-963.9 	-3.93468E-02
-963.0 	-3.93958E-02
-962.5 	-3.94283E-02
-962.6 	-3.94633E-02
-963.0 	-3.95052E-02
-963.4 	-3.95394E-02
-963.9 	-3.95808E-02
-964.4 	-3.96217E-02
-964.4 	-3.96645E-02
-965.0 	-3.97055E-02
-965.2 	-3.97486E-02
-965.3 	-3.97984E-02
-964.8 	-3.98378E-02
-963.6 	-3.98820E-02
-963.2 	-3.99201E-02
-963.4 	-3.99488E-02
-963.2 	-3.99856E-02
-963.6 	-4.00130E-02
-963.8 	-4.00482E-02
-963.9 	-4.00837E-02
-964.5 	-4.01175E-02
-964.6 	-4.01534E-02
-964.7 	-4.01885E-02
-965.3 	-4.02227E-02
-965.3 	-4.02659E-02
-965.7 	-4.03005E-02
-964.5 	-4.03436E-02
-963.5 	-4.03791E-02
-963.5 	-4.04003E-02
-964.0 	-4.04269E-02
-964.7 	-4.04591E-02
-965.2 	-4.04937E-02
-965.7 	-4.05267E-02
-965.6 	-4.05636E-02
-965.9 	-4.05983E-02
-965.9 	-4.06358E-02
-966.2 	-4.06702E-02
-966.8 	-4.07032E-02
-966.7 	-4.07407E-02
-966.9 	-4.07759E-02
-965.8 	-4.08186E-02
-964.8 	-4.08453E-02
-964.8 	-4.08749E-02
-965.3 	-4.09015E-02
-965.4 	-4.09303E-02
-965.8 	-4.09573E-02
-966.7 	-4.09887E-02
-967.3 	-4.10213E-02
-967.9 	-4.10556E-02
-968.7 	-4.10938E-02
-969.1 	-4.11361E-02
-969.4 	-4.11784E-02
-970.1 	-4.12181E-02
-970.7 	-4.12660E-02
-971.1 	-4.13147E-02
-971.7 	-4.13622E-02
-971.9 	-4.14133E-02
-971.3 	-4.14675E-02
-971.1 	-4.15116E-02
-971.1 	-4.15560E-02
-971.1 	-4.16000E-02
-971.6 	-4.16411E-02
-971.7 	-4.16919E-02
-971.9 	-4.17351E-02
-971.9 	-4.17855E-02
-972.0 	-4.18295E-02
-972.2 	-4.18711E-02
-972.0 	-4.19164E-02
-972.0 	-4.19608E-02
-971.1 	-4.20103E-02
-970.2 	-4.20438E-02
-970.0 	-4.20742E-02
-970.0 	-4.21114E-02
-970.1 	-4.21395E-02
-970.5 	-4.21742E-02
-971.0 	-4.22081E-02
-971.1 	-4.22433E-02
-971.6 	-4.22780E-02
-971.6 	-4.23145E-02
-971.7 	-4.23501E-02
-972.1 	-4.23920E-02
-972.4 	-4.24264E-02
-972.6 	-4.24696E-02
-971.5 	-4.25124E-02
-970.7 	-4.25394E-02
-970.7 	-4.25679E-02
-971.3 	-4.26017E-02
-971.3 	-4.26313E-02
-971.6 	-4.26657E-02
-971.9 	-4.26937E-02
-972.1 	-4.27289E-02
-972.5 	-4.27625E-02
-972.6 	-4.27997E-02
-973.0 	-4.28257E-02
-973.0 	-4.28697E-02
-973.1 	-4.28985E-02
-973.2 	-4.29346E-02
-972.2 	-4.29777E-02
-971.4 	-4.30036E-02
-971.6 	-4.30244E-02
-971.8 	-4.30528E-02
-971.9 	-4.30812E-02
-972.4 	-4.31079E-02
-973.1 	-4.31406E-02
-973.3 	-4.31686E-02
-974.0 	-4.32013E-02
-973.9 	-4.32379E-02
-974.3 	-4.32730E-02
-975.0 	-4.33057E-02
-975.4 	-4.33397E-02
-975.8 	-4.33817E-02
-975.9 	-4.34170E-02
-974.4 	-4.34630E-02
-974.1 	-4.34932E-02
-974.6 	-4.35199E-02
-975.0 	-4.35471E-02
-975.3 	-4.35819E-02
-975.8 	-4.36162E-02
-976.2 	-4.36571E-02
-976.5 	-4.36931E-02
-977.2 	-4.37254E-02
-977.5 	-4.37678E-02
-978.1 	-4.38090E-02
-978.4 	-4.38579E-02
-977.7 	-4.39061E-02
-977.3 	-4.39448E-02
-977.5 	-4.39800E-02
-978.1 	-4.40132E-02
-978.2 	-4.40569E-02
-978.7 	-4.40905E-02
-979.3 	-4.41389E-02
-979.7 	-4.41798E-02
-980.2 	-4.42294E-02
-980.5 	-4.42787E-02
-980.6 	-4.43224E-02
-980.8 	-4.43725E-02
-980.6 	-4.44247E-02
-980.6 	-4.44689E-02
-980.1 	-4.45152E-02
-979.2 	-4.45575E-02
-979.1 	-4.45945E-02
-979.1 	-4.46310E-02
-979.0 	-4.46691E-02
-979.5 	-4.47028E-02
-979.8 	-4.47452E-02
-980.0 	-4.47806E-02
-980.3 	-4.48230E-02
-980.3 	-4.48592E-02
-980.7 	-4.49012E-02
-981.2 	-4.49417E-02
-981.3 	-4.49855E-02
-981.5 	-4.50284E-02
-980.5 	-4.50788E-02
-979.7 	-4.51127E-02
-979.8 	-4.51408E-02
-979.9 	-4.51773E-02
-980.1 	-4.52131E-02
-980.5 	-4.52471E-02
-980.6 	-4.52840E-02
-980.8 	-4.53189E-02
-981.4 	-4.53522E-02
-981.4 	-4.53883E-02
-981.7 	-4.54313E-02
-981.4 	-4.54691E-02
-981.5 	-4.55060E-02
-981.6 	-4.55418E-02
-980.9 	-4.55821E-02
-980.2 	-4.56156E-02
-980.3 	-4.56381E-02
-980.8 	-4.56717E-02
-981.0 	-4.57002E-02
-981.4 	-4.57339E-02
-982.1 	-4.57667E-02
-982.4 	-4.58012E-02
-983.0 	-4.58421E-02
-983.6 	-4.58761E-02
-984.0 	-4.59255E-02
-984.4 	-4.59660E-02
-985.0 	-4.60073E-02
-985.3 	-4.60567E-02
-985.9 	-4.61056E-02
-985.5 	-4.61591E-02
-984.5 	-4.62012E-02
-984.4 	-4.62382E-02
-984.3 	-4.62833E-02
-984.2 	-4.63199E-02
-984.8 	-4.63543E-02
-984.8 	-4.63985E-02
-985.1 	-4.64399E-02
-985.6 	-4.64817E-02
-985.6 	-4.65259E-02
-986.2 	-4.65672E-02
-986.4 	-4.66094E-02
-986.3 	-4.66541E-02
-986.4 	-4.66979E-02
-985.5 	-4.67464E-02
-984.9 	-4.67875E-02
-985.1 	-4.68160E-02
-985.0 	-4.68527E-02
-985.1 	-4.68889E-02
-985.7 	-4.69218E-02
-986.1 	-4.69640E-02
-986.5 	-4.69993E-02
-987.1 	-4.70390E-02
-987.1 	-4.70837E-02
-987.4 	-4.71263E-02
-987.3 	-4.71709E-02
-987.4 	-4.72136E-02
-987.3 	-4.72587E-02
-985.7 	-4.73046E-02
-985.2 	-4.73300E-02
-985.4 	-4.73654E-02
-985.1 	-4.73968E-02
-985.5 	-4.74241E-02
-986.3 	-4.74562E-02
-986.7 	-4.74899E-02
-987.0 	-4.75249E-02
-987.5 	-4.75667E-02
-987.6 	-4.76033E-02
-988.0 	-4.76443E-02
-988.7 	-4.76853E-02
-988.8 	-4.77291E-02
-988.7 	-4.77738E-02
-988.7 	-4.78174E-02
-987.6 	-4.78610E-02
-987.5 	-4.78901E-02
-987.5 	-4.79279E-02
-987.4 	-4.79582E-02
-987.8 	-4.79919E-02
-988.4 	-4.80253E-02
-988.6 	-4.80607E-02
-989.1 	-4.81025E-02
-989.2 	-4.81380E-02
-989.3 	-4.81818E-02
-988.8 	-4.82214E-02
-987.4 	-4.82588E-02
-987.1 	-4.82902E-02
-987.6 	-4.83171E-02
-987.6 	-4.83465E-02
-987.8 	-4.83751E-02
-988.5 	-4.84076E-02
-988.9 	-4.84423E-02
-989.1 	-4.84773E-02
-989.8 	-4.85110E-02
-990.3 	-4.85528E-02
-990.8 	-4.85866E-02
-991.4 	-4.86345E-02
-991.6 	-4.86775E-02
-992.0 	-4.87198E-02
-991.8 	-4.87646E-02
-990.7 	-4.88152E-02
-990.2 	-4.88475E-02
-990.3 	-4.88834E-02
-990.7 	-4.89181E-02
-990.9 	-4.89543E-02
-991.5 	-4.89877E-02
-991.5 	-4.90320E-02
-991.9 	-4.90662E-02
-992.1 	-4.91093E-02
-992.4 	-4.91444E-02
-992.6 	-4.91879E-02
-992.6 	-4.92322E-02
-992.6 	-4.92754E-02
-991.7 	-4.93183E-02
-990.7 	-4.93528E-02
-990.6 	-4.93827E-02
-990.8 	-4.94113E-02
-991.0 	-4.94399E-02
-991.4 	-4.94741E-02
-992.0 	-4.95083E-02
-992.0 	-4.95450E-02
-992.5 	-4.95789E-02
-993.0 	-4.96127E-02
-993.1 	-4.96562E-02
-993.9 	-4.96884E-02
-994.4 	-4.97303E-02
-994.6 	-4.97734E-02
-994.4 	-4.98259E-02
-993.0 	-4.98706E-02
-992.5 	-4.99029E-02
-992.9 	-4.99303E-02
-993.3 	-4.99650E-02
-993.4 	-5.00016E-02
-994.1 	-5.00347E-02
-994.3 	-5.00778E-02
-994.6 	-5.01125E-02
-994.7 	-5.01565E-02
-994.6 	-5.01937E-02
-995.2 	-5.02351E-02
-995.1 	-5.02723E-02
-995.3 	-5.03155E-02
-995.1 	-5.03531E-02
-994.1 	-5.03953E-02
-993.8 	-5.04272E-02
-994.0 	-5.04554E-02
-994.3 	-5.04901E-02
-994.5 	-5.05272E-02
-995.1 	-5.05603E-02
-995.6 	-5.05937E-02
-995.9 	-5.06369E-02
-996.6 	-5.06695E-02
-997.0 	-5.07184E-02
-997.4 	-5.07611E-02
-997.8 	-5.08030E-02
-997.8 	-5.08544E-02
-998.2 	-5.08967E-02
-998.0 	-5.09428E-02
-996.8 	-5.09932E-02
-996.5 	-5.10323E-02
-996.6 	-5.10614E-02
-996.7 	-5.11043E-02
-997.1 	-5.11398E-02
-997.5 	-5.11741E-02
-997.7 	-5.12177E-02
-998.2 	-5.12585E-02
-998.4 	-5.13017E-02
-998.6 	-5.13453E-02
-999.1 	-5.13873E-02
-999.2 	-5.14378E-02
-999.4 	-5.14814E-02
-998.0 	-5.15326E-02
-997.1 	-5.15675E-02
-997.1 	-5.15974E-02
-997.2 	-5.16334E-02
-997.3 	-5.16705E-02
-997.7 	-5.17049E-02
-997.8 	-5.17413E-02
-997.9 	-5.17773E-02
-998.3 	-5.18128E-02
-998.4 	-5.18488E-02
-998.8 	-5.18831E-02
-999.1 	-5.19259E-02
-999.1 	-5.19624E-02
-998.8 	-5.20020E-02
-997.0 	-5.20411E-02
-996.3 	-5.20744E-02
-996.6 	-5.20958E-02
-996.7 	-5.21237E-02
-996.9 	-5.21524E-02
-997.6 	-5.21782E-02
-998.1 	-5.22121E-02
-998.5 	-5.22476E-02
-999.1 	-5.22807E-02
-999.4 	-5.23155E-02
-999.7 	-5.23519E-02
-999.7 	-5.23887E-02
-999.3 	-5.24272E-02
-998.9 	-5.24596E-02
-999.0 	-5.24957E-02
-999.5 	-5.25227E-02
-999.6 	-5.25587E-02
-1000.1 	-5.25934E-02
-1000.8 	-5.26331E-02
-1001.2 	-5.26686E-02
-1001.6 	-5.27099E-02
-1002.1 	-5.27519E-02
-1002.3 	-5.27952E-02
-1002.8 	-5.28372E-02
-1003.1 	-5.28870E-02
-1003.3 	-5.29307E-02
-1003.5 	-5.29809E-02
-1002.1 	-5.30333E-02
-1001.7 	-5.30722E-02
-1001.9 	-5.31078E-02
-1002.1 	-5.31446E-02
-1002.2 	-5.31807E-02
-1002.8 	-5.32219E-02
-1003.2 	-5.32632E-02
-1003.4 	-5.33069E-02
-1004.0 	-5.33482E-02
-1004.2 	-5.33919E-02
-1004.5 	-5.34417E-02
-1004.7 	-5.34842E-02
-1004.8 	-5.35364E-02
-1004.6 	-5.35807E-02
-1003.4 	-5.36327E-02
-1002.7 	-5.36660E-02
-1002.8 	-5.37025E-02
-1003.0 	-5.37393E-02
-1002.9 	-5.37762E-02
-1003.2 	-5.38110E-02
-1003.3 	-5.38475E-02
-1003.6 	-5.38904E-02
-1004.0 	-5.39260E-02
-1004.0 	-5.39694E-02
-1004.4 	-5.40054E-02
-1004.3 	-5.40492E-02
-1004.6 	-5.40852E-02
-1003.8 	-5.41336E-02
-1002.7 	-5.41698E-02
-1002.4 	-5.42011E-02
-1002.9 	-5.42282E-02
-1003.1 	-5.42569E-02
-1003.3 	-5.42922E-02
-1003.8 	-5.43193E-02
-1004.1 	-5.43546E-02
-1004.4 	-5.43894E-02
-1005.1 	-5.44303E-02
-1005.1 	-5.44668E-02
-1005.4 	-5.45097E-02
-1005.6 	-5.45454E-02
-1005.9 	-5.45888E-02
-1005.5 	-5.46278E-02
-1004.2 	-5.46729E-02
-1003.7 	-5.46973E-02
-1003.6 	-5.47278E-02
-1003.6 	-5.47578E-02
-1003.9 	-5.47857E-02
-1004.2 	-5.48210E-02
-1004.3 	-5.48502E-02
-1004.9 	-5.48838E-02
-1005.0 	-5.49126E-02
-1005.2 	-5.49483E-02
-1005.6 	-5.49828E-02
-1005.7 	-5.50205E-02
-1006.1 	-5.50549E-02
-1006.2 	-5.50911E-02
-1005.0 	-5.51273E-02
-1004.6 	-5.51598E-02
-1004.8 	-5.51886E-02
-1005.4 	-5.52149E-02
-1005.6 	-5.52437E-02
-1006.1 	-5.52778E-02
-1006.7 	-5.53110E-02
-1006.9 	-5.53463E-02
-1007.5 	-5.53811E-02
-1008.1 	-5.54213E-02
-1008.5 	-5.54638E-02
-1009.2 	-5.55048E-02
-1009.7 	-5.55465E-02
-1009.9 	-5.55969E-02
-1010.3 	-5.56399E-02
-1009.0 	-5.56985E-02
-1008.4 	-5.57322E-02
-1008.4 	-5.57688E-02
-1008.2 	-5.58066E-02
-1008.4 	-5.58435E-02
-1009.0 	-5.58768E-02
-1009.2 	-5.59202E-02
-1009.5 	-5.59624E-02
-1009.8 	-5.59985E-02
-1009.9 	-5.60416E-02
-1010.4 	-5.60838E-02
-1010.7 	-5.61268E-02
-1010.9 	-5.61707E-02
-1010.8 	-5.62231E-02
-1009.5 	-5.62672E-02
-1009.0 	-5.62997E-02
-1009.0 	-5.63367E-02
-1009.2 	-5.63725E-02
-1009.3 	-5.64017E-02
-1009.7 	-5.64374E-02
-1010.1 	-5.64788E-02
-1010.3 	-5.65153E-02
-1010.6 	-5.65572E-02
-1010.7 	-5.65950E-02
-1011.0 	-5.66369E-02
-1009.6 	-5.66825E-02
-1008.7 	-5.67094E-02
-1008.8 	-5.67391E-02
-1009.0 	-5.67749E-02
-1009.1 	-5.68041E-02
-1009.5 	-5.68317E-02
-1010.0 	-5.68654E-02
-1010.1 	-5.69016E-02
-1010.7 	-5.69365E-02
-1011.3 	-5.69779E-02
-1011.5 	-5.70133E-02
-1012.1 	-5.70551E-02
-1012.3 	-5.70974E-02
-1012.6 	-5.71409E-02
-1012.7 	-5.71848E-02
-1011.8 	-5.72268E-02
-1011.2 	-5.72671E-02
-1011.3 	-5.72968E-02
-1011.2 	-5.73342E-02
-1011.2 	-5.73720E-02
-1011.7 	-5.74058E-02
-1011.8 	-5.74424E-02
-1012.2 	-5.74781E-02
-1012.6 	-5.75123E-02
-1012.7 	-5.75570E-02
-1013.0 	-5.75920E-02
-1013.0 	-5.76286E-02
-1013.1 	-5.76730E-02
-1012.4 	-5.77137E-02
-1011.5 	-5.77492E-02
-1011.3 	-5.77801E-02
-1011.5 	-5.78090E-02
-1011.4 	-5.78461E-02
-1011.8 	-5.78737E-02
-1012.5 	-5.79066E-02
-1013.1 	-5.79404E-02
-1013.4 	-5.79835E-02
-1014.1 	-5.80172E-02
-1014.5 	-5.80591E-02
-1014.8 	-5.81022E-02
-1015.5 	-5.81502E-02
-1015.6 	-5.81946E-02
-1015.8 	-5.82381E-02
-1015.0 	-5.82944E-02
-1014.0 	-5.83368E-02
-1013.9 	-5.83678E-02
-1014.2 	-5.84028E-02
-1014.3 	-5.84402E-02
-1014.5 	-5.84756E-02
-1015.0 	-5.85180E-02
-1014.9 	-5.85554E-02
-1015.2 	-5.85986E-02
-1015.1 	-5.86361E-02
-1015.4 	-5.86792E-02
-1015.8 	-5.87143E-02
-1015.8 	-5.87591E-02
-1015.9 	-5.88030E-02
-1014.8 	-5.88463E-02
-1014.0 	-5.88810E-02
-1014.0 	-5.89100E-02
-1014.2 	-5.89389E-02
-1014.2 	-5.89767E-02
-1014.6 	-5.90032E-02
-1015.2 	-5.90378E-02
-1015.4 	-5.90806E-02
-1015.8 	-5.91164E-02
-1015.9 	-5.91527E-02
-1016.1 	-5.91881E-02
-1016.5 	-5.92309E-02
-1016.6 	-5.92676E-02
-1017.0 	-5.93104E-02
-1016.0 	-5.93524E-02
-1014.9 	-5.93888E-02
-1014.8 	-5.94193E-02
-1015.1 	-5.94478E-02
-1015.1 	-5.94780E-02
-1015.4 	-5.95131E-02
-1015.5 	-5.95424E-02
-1015.6 	-5.95787E-02
-1016.1 	-5.96056E-02
-1016.7 	-5.96394E-02
-1017.2 	-5.96818E-02
-1017.8 	-5.97152E-02
-1018.2 	-5.97580E-02
-1018.5 	-5.98012E-02
-1018.7 	-5.98448E-02
-1018.0 	-5.98926E-02
-1017.5 	-5.99338E-02
-1017.7 	-5.99615E-02
-1018.1 	-6.00039E-02
-1018.2 	-6.00406E-02
-1018.6 	-6.00765E-02
-1019.2 	-6.01246E-02
-1019.4 	-6.01686E-02
-1019.9 	-6.02099E-02
-1020.2 	-6.02531E-02
-1020.3 	-6.02975E-02
-1020.5 	-6.03481E-02
-1020.4 	-6.03938E-02
-1020.3 	-6.04465E-02
-1019.1 	-6.04898E-02
-1018.5 	-6.05237E-02
-1018.6 	-6.05612E-02
-1018.7 	-6.05976E-02
-1018.6 	-6.06347E-02
-1019.0 	-6.06694E-02
-1019.4 	-6.07053E-02
-1019.5 	-6.07416E-02
-1020.1 	-6.07832E-02
-1020.4 	-6.08257E-02
-1020.6 	-6.08694E-02
-1020.4 	-6.09155E-02
-1019.5 	-6.09580E-02
-1019.0 	-6.09907E-02
-1019.2 	-6.10262E-02
-1019.4 	-6.10633E-02
-1019.5 	-6.10927E-02
-1019.9 	-6.11344E-02
-1020.0 	-6.11723E-02
-1020.2 	-6.12079E-02
-1020.3 	-6.12443E-02
-1020.5 	-6.12883E-02
-1021.0 	-6.13222E-02
-1021.1 	-6.13672E-02
-1021.4 	-6.14023E-02
-1020.8 	-6.14509E-02
-1019.5 	-6.14881E-02
-1019.1 	-6.15204E-02
-1019.2 	-6.15486E-02
-1019.3 	-6.15780E-02
-1019.5 	-6.16152E-02
-1020.1 	-6.16410E-02
-1020.4 	-6.16773E-02
-1020.8 	-6.17120E-02
-1021.3 	-6.17459E-02
-1021.4 	-6.17904E-02
-1021.7 	-6.18256E-02
-1022.3 	-6.18677E-02
-1022.3 	-6.19045E-02
-1022.6 	-6.19482E-02
-1020.9 	-6.19948E-02
-1020.3 	-6.20280E-02
-1020.6 	-6.20561E-02
-1021.4 	-6.20888E-02
-1021.4 	-6.21268E-02
-1022.1 	-6.21603E-02
-1022.7 	-6.22020E-02
-1022.5 	-6.22396E-02
-1022.4 	-6.22777E-02
-1022.3 	-6.23161E-02
-1022.8 	-6.23574E-02
-1022.9 	-6.23950E-02
-1023.1 	-6.24306E-02
-1023.2 	-6.24755E-02
-1022.6 	-6.25161E-02
-1021.8 	-6.25504E-02
-1021.9 	-6.25799E-02
-1022.4 	-6.26142E-02
-1022.8 	-6.26490E-02
-1023.2 	-6.26838E-02
-1023.9 	-6.27251E-02
-1024.1 	-6.27688E-02
-1024.4 	-6.28040E-02
-1024.9 	-6.28531E-02
-1025.0 	-6.28981E-02
-1025.4 	-6.29406E-02
-1025.6 	-6.29848E-02
-1025.7 	-6.30363E-02
-1026.1 	-6.30789E-02
-1025.4 	-6.31354E-02
-1024.6 	-6.31768E-02
-1024.5 	-6.32144E-02
-1024.3 	-6.32537E-02
-1024.4 	-6.32901E-02
-1024.7 	-6.33257E-02
-1024.6 	-6.33716E-02
-1024.8 	-6.34072E-02
-1025.1 	-6.34440E-02
-1025.1 	-6.34878E-02
-1025.3 	-6.35247E-02
-1025.4 	-6.35615E-02
-1025.8 	-6.36045E-02
-1025.3 	-6.36512E-02
-1024.2 	-6.36877E-02
-1023.8 	-6.37196E-02
-1023.7 	-6.37507E-02
-1023.8 	-6.37802E-02
-1024.0 	-6.38158E-02
-1024.9 	-6.38482E-02
-1025.2 	-6.38846E-02
-1025.4 	-6.39202E-02
-1025.5 	-6.39571E-02
-1025.5 	-6.39952E-02
-1025.8 	-6.40304E-02
-1025.9 	-6.40750E-02
-1026.2 	-6.41103E-02
-1026.3 	-6.41549E-02
-1024.9 	-6.41918E-02
-1024.5 	-6.42246E-02
-1024.4 	-6.42549E-02
-1024.5 	-6.42848E-02
-1024.8 	-6.43131E-02
-1025.4 	-6.43471E-02
-1025.5 	-6.43836E-02
-1025.9 	-6.44196E-02
-1026.5 	-6.44528E-02
-1026.8 	-6.44885E-02
-1027.2 	-6.45311E-02
-1027.9 	-6.45647E-02
-1028.2 	-6.46147E-02
-1028.7 	-6.46573E-02
-1028.8 	-6.47020E-02
-1028.2 	-6.47508E-02
-1027.8 	-6.47897E-02
-1027.9 	-6.48262E-02
-1028.0 	-6.48709E-02
-1028.3 	-6.49066E-02
-1028.8 	-6.49488E-02
-1029.0 	-6.49931E-02
-1029.2 	-6.50369E-02
-1029.5 	-6.50796E-02
-1029.6 	-6.51313E-02
-1029.7 	-6.51760E-02
-1028.6 	-6.52202E-02
-1027.8 	-6.52621E-02
-1027.6 	-6.52932E-02
-1027.4 	-6.53318E-02
-1027.5 	-6.53613E-02
-1027.9 	-6.53962E-02
-1028.0 	-6.54323E-02
-1028.4 	-6.54688E-02
-1028.8 	-6.55037E-02
-1028.7 	-6.55492E-02
-1029.2 	-6.55837E-02
-1029.4 	-6.56198E-02
-1029.5 	-6.56645E-02
-1029.6 	-6.57007E-02
-1028.3 	-6.57466E-02
-1027.8 	-6.57786E-02
-1027.8 	-6.58086E-02
-1027.6 	-6.58401E-02
-1027.7 	-6.58693E-02
-1028.4 	-6.59030E-02
-1028.5 	-6.59395E-02
-1028.7 	-6.59682E-02
-1029.0 	-6.60051E-02
-1029.1 	-6.60417E-02
-1029.5 	-6.60762E-02
-1029.6 	-6.61131E-02
-1029.5 	-6.61521E-02
-1029.8 	-6.61874E-02
-1028.9 	-6.62293E-02
-1028.3 	-6.62563E-02
-1028.5 	-6.62855E-02
-1028.4 	-6.63147E-02
-1028.5 	-6.63528E-02
-1029.0 	-6.63799E-02
-1029.5 	-6.64140E-02
-1029.8 	-6.64498E-02
-1030.3 	-6.64843E-02
-1030.8 	-6.65196E-02
-1031.0 	-6.65553E-02
-1031.6 	-6.65976E-02
-1031.8 	-6.66404E-02
-1031.9 	-6.66852E-02
-1031.3 	-6.67258E-02
-1030.3 	-6.67615E-02
-1030.2 	-6.68009E-02
-1030.1 	-6.68301E-02
-1029.9 	-6.68618E-02
-1030.3 	-6.68897E-02
-1030.9 	-6.69234E-02
-1031.3 	-6.69595E-02
-1031.7 	-6.69945E-02
-1031.8 	-6.70389E-02
-1032.0 	-6.70750E-02
-1032.5 	-6.71174E-02
-1032.6 	-6.71621E-02
-1032.8 	-6.71983E-02
-1032.7 	-6.72443E-02
-1032.1 	-6.72850E-02
-1031.6 	-6.73249E-02
-1031.7 	-6.73545E-02
-1031.9 	-6.73907E-02
-1031.9 	-6.74289E-02
-1032.4 	-6.74634E-02
-1033.1 	-6.74968E-02
-1033.4 	-6.75403E-02
-1033.9 	-6.75831E-02
-1034.2 	-6.76255E-02
-1034.3 	-6.76703E-02
-1034.6 	-6.77135E-02
-1034.7 	-6.77653E-02
-1034.8 	-6.78101E-02
-1033.8 	-6.78615E-02
-1032.9 	-6.78956E-02
-1032.9 	-6.79342E-02
-1032.8 	-6.79646E-02
-1032.7 	-6.80025E-02
-1032.9 	-6.80387E-02
-1033.0 	-6.80683E-02
-1033.2 	-6.81041E-02
-1033.7 	-6.81399E-02
-1034.0 	-6.81827E-02
-1034.2 	-6.82197E-02
-1034.3 	-6.82634E-02
-1034.1 	-6.83028E-02
-1034.1 	-6.83399E-02
-1033.2 	-6.83826E-02
-1032.5 	-6.84168E-02
-1032.5 	-6.84472E-02
-1032.5 	-6.84772E-02
-1032.6 	-6.85057E-02
-1033.2 	-6.85328E-02
-1033.3 	-6.85703E-02
-1033.7 	-6.86057E-02
-1034.2 	-6.86399E-02
-1034.2 	-6.86770E-02
-1034.6 	-6.87136E-02
-1034.7 	-6.87498E-02
-1034.8 	-6.87869E-02
-1034.9 	-6.88247E-02
-1033.7 	-6.88687E-02
-1033.0 	-6.89028E-02
-1033.1 	-6.89243E-02
-1033.4 	-6.89597E-02
-1033.6 	-6.89893E-02
-1034.0 	-6.90169E-02
-1034.5 	-6.90516E-02
-1034.7 	-6.90890E-02
-1035.3 	-6.91228E-02
-1036.0 	-6.91562E-02
-1036.2 	-6.92003E-02
-1036.8 	-6.92423E-02
-1037.1 	-6.92860E-02
-1036.4 	-6.93342E-02
-1035.9 	-6.93671E-02
-1036.1 	-6.94034E-02
-1036.6 	-6.94462E-02
-1036.8 	-6.94825E-02
-1037.2 	-6.95253E-02
-1037.6 	-6.95686E-02
-1037.8 	-6.96131E-02
-1038.2 	-6.96548E-02
-1038.3 	-6.97079E-02
-1038.5 	-6.97508E-02
-1038.9 	-6.98027E-02
-1038.9 	-6.98468E-02
-1039.0 	-6.98995E-02
-1037.9 	-6.99502E-02
-1037.2 	-6.99926E-02
-1037.2 	-7.00301E-02
-1037.3 	-7.00668E-02
-1037.5 	-7.01031E-02
-1037.9 	-7.01464E-02
-1038.2 	-7.01897E-02
-1038.3 	-7.02350E-02
-1038.6 	-7.02775E-02
-1038.5 	-7.03167E-02
-1038.6 	-7.03600E-02
-1038.9 	-7.04037E-02
-1038.8 	-7.04499E-02
-1038.1 	-7.04997E-02
-1036.7 	-7.05375E-02
-1036.4 	-7.05689E-02
-1036.4 	-7.05990E-02
-1036.4 	-7.06361E-02
-1036.5 	-7.06658E-02
-1037.1 	-7.07013E-02
-1037.0 	-7.07310E-02
-1037.3 	-7.07677E-02
-1037.6 	-7.08032E-02
-1037.6 	-7.08408E-02
-1037.8 	-7.08779E-02
-1037.7 	-7.09158E-02
-1038.2 	-7.09506E-02
-1037.5 	-7.09918E-02
-1036.4 	-7.10214E-02
-1036.1 	-7.10531E-02
-1036.6 	-7.10808E-02
-1036.7 	-7.11093E-02
-1037.0 	-7.11382E-02
-1037.7 	-7.11717E-02
-1038.0 	-7.12084E-02
-1038.2 	-7.12443E-02
-1039.0 	-7.12774E-02
-1039.4 	-7.13137E-02
-1039.7 	-7.13563E-02
-1040.1 	-7.13992E-02
-1040.3 	-7.14438E-02
-1040.7 	-7.14872E-02
-1039.8 	-7.15297E-02
-1038.7 	-7.15733E-02
-1038.6 	-7.16039E-02
-1039.0 	-7.16324E-02
-1039.1 	-7.16691E-02
-1039.4 	-7.17047E-02
-1040.0 	-7.17398E-02
-1040.4 	-7.17820E-02
-1040.7 	-7.18254E-02
-1041.1 	-7.18621E-02
-1041.2 	-7.19059E-02
-1041.6 	-7.19489E-02
-1041.9 	-7.19927E-02
-1042.2 	-7.20439E-02
-1042.6 	-7.20869E-02
-1041.9 	-7.21352E-02
-1041.2 	-7.21777E-02
-1041.3 	-7.22149E-02
-1041.2 	-7.22611E-02
-1041.3 	-7.22979E-02
-1041.7 	-7.23327E-02
-1042.0 	-7.23765E-02
-1042.2 	-7.24211E-02
-1042.5 	-7.24649E-02
-1042.6 	-7.25088E-02
-1042.9 	-7.25526E-02
-1042.9 	-7.25980E-02
-1042.9 	-7.26439E-02
-1042.3 	-7.26843E-02
-1041.5 	-7.27269E-02
-1041.1 	-7.27665E-02
-1041.1 	-7.27967E-02
-1041.1 	-7.28351E-02
-1041.2 	-7.28637E-02
-1041.8 	-7.29059E-02
-1042.2 	-7.29411E-02
-1042.4 	-7.29787E-02
-1042.9 	-7.30205E-02
-1042.9 	-7.30656E-02
-1043.4 	-7.31086E-02
-1043.3 	-7.31466E-02
-1043.4 	-7.31917E-02
-1043.0 	-7.32396E-02
-1041.8 	-7.32767E-02
-1041.3 	-7.33086E-02
-1041.2 	-7.33395E-02
-1041.0 	-7.33714E-02
-1041.3 	-7.34003E-02
-1041.6 	-7.34360E-02
-1041.5 	-7.34665E-02
-1042.1 	-7.35009E-02
-1042.2 	-7.35386E-02
-1042.3 	-7.35676E-02
-1042.7 	-7.36040E-02
-1041.5 	-7.36481E-02
-1040.8 	-7.36742E-02
-1040.9 	-7.37043E-02
-1040.8 	-7.37354E-02
-1040.7 	-7.37660E-02
-1041.4 	-7.37847E-02
-1041.9 	-7.38203E-02
-1042.0 	-7.38571E-02
-1042.6 	-7.38841E-02
-1043.3 	-7.39243E-02
-1043.9 	-7.39599E-02
-1044.3 	-7.40022E-02
-1044.9 	-7.40374E-02
-1044.9 	-7.40825E-02
-1045.3 	-7.41249E-02
-1045.1 	-7.41720E-02
-1044.3 	-7.42220E-02
-1044.1 	-7.42534E-02
-1044.2 	-7.42907E-02
-1044.1 	-7.43284E-02
-1044.4 	-7.43640E-02
-1045.0 	-7.44067E-02
-1045.0 	-7.44523E-02
-1045.4 	-7.44875E-02
-1045.5 	-7.45326E-02
-1045.6 	-7.45774E-02
-1046.0 	-7.46209E-02
-1045.9 	-7.46661E-02
-1046.3 	-7.47096E-02
-1045.2 	-7.47534E-02
-1044.4 	-7.47885E-02
-1044.2 	-7.48266E-02
-1044.1 	-7.48580E-02
-1044.5 	-7.48945E-02
-1044.8 	-7.49302E-02
-1045.4 	-7.49642E-02
-1045.6 	-7.50003E-02
-1045.9 	-7.50372E-02
-1046.1 	-7.50807E-02
-1046.4 	-7.51180E-02
-1046.8 	-7.51600E-02
-1046.8 	-7.52055E-02
-1046.8 	-7.52515E-02
-1045.7 	-7.52882E-02
-1045.0 	-7.53296E-02
-1045.0 	-7.53603E-02
-1044.9 	-7.53909E-02
-1044.9 	-7.54216E-02
-1045.4 	-7.54565E-02
-1045.6 	-7.54926E-02
-1045.7 	-7.55228E-02
-1046.4 	-7.55561E-02
-1046.7 	-7.56001E-02
-1046.9 	-7.56366E-02
-1047.6 	-7.56714E-02
-1048.0 	-7.57134E-02
-1048.2 	-7.57578E-02
-1048.2 	-7.58038E-02
-1047.4 	-7.58543E-02
-1046.9 	-7.58862E-02
-1047.0 	-7.59243E-02
-1046.9 	-7.59625E-02
-1047.0 	-7.59923E-02
-1047.5 	-7.60268E-02
-1047.6 	-7.60720E-02
-1047.9 	-7.61078E-02
-1048.3 	-7.61435E-02
-1048.3 	-7.61891E-02
-1048.7 	-7.62256E-02
-1048.6 	-7.62705E-02
-1048.9 	-7.63078E-02
-1048.3 	-7.63484E-02
-1047.3 	-7.63918E-02
-1047.1 	-7.64233E-02
-1047.3 	-7.64528E-02
-1047.5 	-7.64894E-02
-1047.7 	-7.65188E-02
-1048.3 	-7.65525E-02
-1048.7 	-7.65879E-02
-1049.1 	-7.66244E-02
-1049.8 	-7.66664E-02
-1049.9 	-7.67101E-02
-1050.3 	-7.67466E-02
-1050.8 	-7.67886E-02
-1050.9 	-7.68417E-02
-1051.1 	-7.68854E-02
-1050.6 	-7.69343E-02
-1049.7 	-7.69769E-02
-1049.6 	-7.70076E-02
-1049.5 	-7.70458E-02
-1049.4 	-7.70852E-02
-1049.8 	-7.71206E-02
-1050.2 	-7.71559E-02
-1050.3 	-7.72012E-02
-1050.6 	-7.72370E-02
-1050.6 	-7.72826E-02
-1050.7 	-7.73196E-02
-1049.8 	-7.73635E-02
-1048.7 	-7.73991E-02
-1048.7 	-7.74298E-02
-1048.9 	-7.74593E-02
-1048.9 	-7.74896E-02
-1049.2 	-7.75258E-02
-1049.7 	-7.75533E-02
-1049.9 	-7.75977E-02
-1050.3 	-7.76264E-02
-1050.6 	-7.76618E-02
-1050.7 	-7.77071E-02
-1051.2 	-7.77421E-02
-1051.6 	-7.77858E-02
-1051.7 	-7.78228E-02
-1052.1 	-7.78660E-02
-1051.2 	-7.79087E-02
-1050.5 	-7.79506E-02
-1050.5 	-7.79813E-02
-1050.3 	-7.80129E-02
-1050.3 	-7.80503E-02
-1050.8 	-7.80782E-02
-1050.9 	-7.81152E-02
-1051.2 	-7.81522E-02
-1051.7 	-7.81868E-02
-1051.8 	-7.82243E-02
-1052.1 	-7.82609E-02
-1052.2 	-7.83050E-02
-1052.3 	-7.83432E-02
-1052.7 	-7.83786E-02
-1052.1 	-7.84280E-02
-1051.2 	-7.84636E-02
-1051.3 	-7.84927E-02
-1051.7 	-7.85293E-02
-1051.9 	-7.85656E-02
-1052.1 	-7.86018E-02
-1052.7 	-7.86376E-02
-1053.1 	-7.86731E-02
-1053.4 	-7.87172E-02
-1054.0 	-7.87510E-02
-1054.0 	-7.88038E-02
-1054.4 	-7.88397E-02
-1054.5 	-7.88846E-02
-1054.6 	-7.89299E-02
-1054.9 	-7.89816E-02
-1054.2 	-7.90231E-02
-1053.5 	-7.90658E-02
-1053.4 	-7.91040E-02
-1053.0 	-7.91439E-02
-1053.2 	-7.91731E-02
-1053.3 	-7.92106E-02
-1053.5 	-7.92480E-02
-1053.8 	-7.92839E-02
-1054.3 	-7.93268E-02
-1054.5 	-7.93635E-02
-1054.9 	-7.94072E-02
-1055.0 	-7.94514E-02
-1055.2 	-7.94893E-02
-1055.4 	-7.95326E-02
-1054.4 	-7.95845E-02
-1053.9 	-7.96177E-02
-1053.8 	-7.96560E-02
-1053.5 	-7.96880E-02
-1053.6 	-7.97251E-02
-1054.2 	-7.97526E-02
-1054.3 	-7.97976E-02
-1054.6 	-7.98339E-02
-1054.7 	-7.98722E-02
-1054.7 	-7.99097E-02
-1055.0 	-7.99455E-02
-1054.9 	-7.99854E-02
-1055.0 	-8.00221E-02
-1054.4 	-8.00637E-02
-1053.3 	-8.01005E-02
-1053.0 	-8.01325E-02
-1053.3 	-8.01613E-02
-1053.4 	-8.01905E-02
-1053.6 	-8.02197E-02
-1054.1 	-8.02560E-02
-1054.3 	-8.02844E-02
-1054.6 	-8.03215E-02
-1054.9 	-8.03574E-02
-1055.0 	-8.03945E-02
-1055.4 	-8.04308E-02
-1055.8 	-8.04667E-02
-1056.1 	-8.05026E-02
-1056.7 	-8.05452E-02
-1056.3 	-8.05931E-02
-1055.4 	-8.06279E-02
-1055.2 	-8.06596E-02
-1055.1 	-8.06991E-02
-1055.1 	-8.07283E-02
-1055.6 	-8.07646E-02
-1056.0 	-8.07997E-02
-1056.3 	-8.08360E-02
-1056.7 	-8.08723E-02
-1057.1 	-8.09150E-02
-1057.2 	-8.09537E-02
-1057.5 	-8.09963E-02
-1057.6 	-8.10422E-02
-1057.7 	-8.10793E-02
-1057.1 	-8.11217E-02
-1056.2 	-8.11645E-02
-1055.9 	-8.11965E-02
-1055.9 	-8.12274E-02
-1055.9 	-8.12649E-02
-1056.2 	-8.12937E-02
-1057.0 	-8.13273E-02
-1057.7 	-8.13691E-02
-1057.9 	-8.14137E-02
-1058.6 	-8.14477E-02
-1059.1 	-8.14982E-02
-1059.3 	-8.15429E-02
-1059.6 	-8.15872E-02
-1058.5 	-8.16462E-02
-1058.1 	-8.16795E-02
-1058.0 	-8.17178E-02
-1057.6 	-8.17578E-02
-1057.8 	-8.17942E-02
-1057.9 	-8.18330E-02
-1058.0 	-8.18697E-02
-1058.3 	-8.19140E-02
-1058.3 	-8.19520E-02
-1058.5 	-8.19884E-02
-1058.8 	-8.20330E-02
-1058.7 	-8.20710E-02
-1059.0 	-8.21086E-02
-1058.1 	-8.21514E-02
-1057.4 	-8.21859E-02
-1057.4 	-8.22168E-02
-1057.7 	-8.22527E-02
-1057.7 	-8.22907E-02
-1057.9 	-8.23200E-02
-1058.5 	-8.23544E-02
-1058.5 	-8.24003E-02
-1058.9 	-8.24287E-02
-1059.1 	-8.24738E-02
-1059.3 	-8.25106E-02
-1059.8 	-8.25537E-02
-1059.7 	-8.25921E-02
-1059.8 	-8.26373E-02
-1059.1 	-8.26789E-02
-1058.2 	-8.27150E-02
-1057.8 	-8.27479E-02
-1057.8 	-8.27776E-02
-1057.7 	-8.28089E-02
-1058.1 	-8.28453E-02
-1058.3 	-8.28738E-02
-1058.6 	-8.29110E-02
-1059.2 	-8.29454E-02
-1059.4 	-8.29822E-02
-1059.5 	-8.30206E-02
-1060.1 	-8.30550E-02
-1060.3 	-8.30997E-02
-1060.6 	-8.31357E-02
-1060.7 	-8.31817E-02
-1060.1 	-8.32229E-02
-1059.5 	-8.32638E-02
-1059.6 	-8.32939E-02
-1059.7 	-8.33311E-02
-1059.8 	-8.33699E-02
-1060.3 	-8.33976E-02
-1060.9 	-8.34392E-02
-1061.0 	-8.34776E-02
-1061.5 	-8.35196E-02
-1061.7 	-8.35647E-02
-1061.8 	-8.36099E-02
-1062.3 	-8.36530E-02
-1062.5 	-8.36970E-02
-1062.7 	-8.37422E-02
-1061.8 	-8.37934E-02
-1060.7 	-8.38371E-02
-1060.6 	-8.38688E-02
-1060.6 	-8.39064E-02
-1060.6 	-8.39441E-02
-1061.0 	-8.39726E-02
-1060.9 	-8.40194E-02
-1061.1 	-8.40491E-02
-1061.2 	-8.40860E-02
-1061.2 	-8.41240E-02
-1061.6 	-8.41609E-02
-1061.8 	-8.42061E-02
-1062.0 	-8.42425E-02
-1062.2 	-8.42877E-02
-1060.8 	-8.43251E-02
-1060.3 	-8.43589E-02
-1060.0 	-8.43910E-02
-1059.8 	-8.44231E-02
-1060.0 	-8.44525E-02
-1060.6 	-8.44798E-02
-1060.9 	-8.45159E-02
-1061.2 	-8.45523E-02
-1061.6 	-8.45876E-02
-1061.7 	-8.46261E-02
-1061.9 	-8.46630E-02
-1061.9 	-8.47006E-02
-1062.1 	-8.47387E-02
-1061.9 	-8.47780E-02
-1060.6 	-8.48158E-02
-1060.2 	-8.48408E-02
-1060.4 	-8.48706E-02
-1060.3 	-8.49019E-02
-1060.5 	-8.49313E-02
-1061.0 	-8.49578E-02
-1061.3 	-8.49955E-02
-1061.5 	-8.50249E-02
-1062.1 	-8.50593E-02
-1062.4 	-8.50958E-02
-1062.7 	-8.51319E-02
-1063.1 	-8.51760E-02
-1063.1 	-8.52137E-02
-1063.6 	-8.52498E-02
-1063.3 	-8.52966E-02
-1062.3 	-8.53332E-02
-1062.0 	-8.53654E-02
-1062.1 	-8.53955E-02
-1062.1 	-8.54337E-02
-1062.3 	-8.54630E-02
-1062.7 	-8.54987E-02
-1062.7 	-8.55293E-02
-1063.3 	-8.55642E-02
-1063.4 	-8.56023E-02
-1063.6 	-8.56392E-02
-1063.8 	-8.56762E-02
-1062.8 	-8.57207E-02
-1062.2 	-8.57537E-02
-1062.3 	-8.57843E-02
-1062.3 	-8.58149E-02
-1062.3 	-8.58458E-02
-1062.9 	-8.58732E-02
-1063.4 	-8.59081E-02
-1063.8 	-8.59439E-02
-1064.4 	-8.59796E-02
-1065.0 	-8.60209E-02
-1065.3 	-8.60653E-02
-1065.9 	-8.61086E-02
-1066.4 	-8.61515E-02
-1066.7 	-8.62031E-02
-1067.0 	-8.62480E-02
-1066.9 	-8.63017E-02
-1066.3 	-8.63514E-02
-1066.0 	-8.63907E-02
-1066.3 	-8.64356E-02
-1066.1 	-8.64817E-02
-1066.3 	-8.65199E-02
-1066.6 	-8.65632E-02
-1066.6 	-8.66093E-02
-1066.8 	-8.66542E-02
-1066.8 	-8.67007E-02
-1066.9 	-8.67449E-02
-1067.2 	-8.67898E-02
-1067.0 	-8.68371E-02
-1066.9 	-8.68840E-02
-1066.0 	-8.69338E-02
-1065.3 	-8.69688E-02
-1065.3 	-8.70078E-02
-1065.1 	-8.70467E-02
-1065.1 	-8.70778E-02
-1065.6 	-8.71131E-02
-1065.9 	-8.71577E-02
-1066.0 	-8.71946E-02
-1066.1 	-8.72320E-02
-1066.1 	-8.72786E-02
-1066.3 	-8.73152E-02
-1066.3 	-8.73545E-02
-1066.5 	-8.73915E-02
-1066.2 	-8.74393E-02
-1064.8 	-8.74767E-02
-1064.4 	-8.75098E-02
-1064.5 	-8.75400E-02
-1064.4 	-8.75714E-02
-1064.5 	-8.76088E-02
-1064.8 	-8.76383E-02
-1065.0 	-8.76681E-02
-1065.4 	-8.77039E-02
-1065.7 	-8.77397E-02
-1066.0 	-8.77775E-02
-1066.5 	-8.78125E-02
-1066.9 	-8.78483E-02
-1067.2 	-8.78929E-02
-1067.5 	-8.79291E-02
-1067.4 	-8.79761E-02
-1066.6 	-8.80183E-02
-1066.5 	-8.80502E-02
-1066.7 	-8.80880E-02
-1066.9 	-8.81250E-02
-1067.1 	-8.81616E-02
-1067.6 	-8.81966E-02
-1068.0 	-8.82408E-02
-1068.3 	-8.82854E-02
-1068.9 	-8.83284E-02
-1069.0 	-8.83730E-02
-1069.3 	-8.84176E-02
-1069.4 	-8.84634E-02
-1069.5 	-8.85092E-02
-1069.4 	-8.85550E-02
-1068.6 	-8.85984E-02
-1068.1 	-8.86395E-02
-1068.1 	-8.86773E-02
-1068.1 	-8.87168E-02
-1068.1 	-8.87546E-02
-1068.6 	-8.87896E-02
-1068.8 	-8.88347E-02
-1069.0 	-8.88717E-02
-1069.5 	-8.89155E-02
-1069.6 	-8.89526E-02
-1069.9 	-8.89976E-02
-1070.1 	-8.90426E-02
-1070.1 	-8.90876E-02
-1069.9 	-8.91355E-02
-1068.7 	-8.91801E-02
-1068.2 	-8.92136E-02
-1068.1 	-8.92455E-02
-1067.8 	-8.92850E-02
-1068.0 	-8.93149E-02
-1068.4 	-8.93519E-02
-1068.3 	-8.93822E-02
-1068.6 	-8.94193E-02
-1068.7 	-8.94572E-02
-1068.6 	-8.94955E-02
-1068.7 	-8.95341E-02
-1068.4 	-8.95740E-02
-1068.1 	-8.96139E-02
-1067.0 	-8.96581E-02
-1066.3 	-8.96861E-02
-1066.2 	-8.97172E-02
-1066.3 	-8.97463E-02
-1066.3 	-8.97774E-02
-1066.6 	-8.98065E-02
-1067.4 	-8.98332E-02
-1067.5 	-8.98707E-02
-1067.9 	-8.98990E-02
-1068.6 	-8.99333E-02
-1068.8 	-8.99784E-02
-1069.2 	-9.00143E-02
-1069.0 	-9.00546E-02
-1068.3 	-9.00965E-02
-1067.9 	-9.01300E-02
-1067.9 	-9.01611E-02
-1067.7 	-9.01918E-02
-1067.9 	-9.02213E-02
-1068.3 	-9.02584E-02
-1068.5 	-9.02955E-02
-1068.9 	-9.03243E-02
-1068.9 	-9.03622E-02
-1069.1 	-9.03989E-02
-1069.6 	-9.04356E-02
-1069.5 	-9.04739E-02
-1069.9 	-9.05102E-02
-1069.3 	-9.05517E-02
-1068.4 	-9.05876E-02
-1068.3 	-9.06192E-02
-1068.7 	-9.06479E-02
-1068.9 	-9.06846E-02
-1069.1 	-9.07146E-02
-1069.7 	-9.07493E-02
-1070.1 	-9.07860E-02
-1070.4 	-9.08224E-02
-1071.0 	-9.08575E-02
-1071.5 	-9.09010E-02
-1071.7 	-9.09461E-02
-1072.1 	-9.09893E-02
-1072.2 	-9.10352E-02
-1072.5 	-9.10799E-02
-1072.1 	-9.11198E-02
-1071.2 	-9.11646E-02
-1070.9 	-9.12041E-02
-1070.8 	-9.12428E-02
-1070.7 	-9.12744E-02
-1071.0 	-9.13107E-02
-1071.5 	-9.13471E-02
-1071.6 	-9.13850E-02
-1072.0 	-9.14210E-02
-1072.2 	-9.14661E-02
-1072.2 	-9.15041E-02
-1072.5 	-9.15488E-02
-1072.5 	-9.15872E-02
-1072.7 	-9.16324E-02
-1072.0 	-9.16743E-02
-1071.2 	-9.17099E-02
-1071.3 	-9.17478E-02
-1071.2 	-9.17790E-02
-1071.2 	-9.18186E-02
-1071.4 	-9.18469E-02
-1071.5 	-9.18857E-02
-1071.6 	-9.19149E-02
-1072.2 	-9.19513E-02
-1072.3 	-9.19888E-02
-1072.4 	-9.20260E-02
-1072.5 	-9.20648E-02
-1072.4 	-9.21035E-02
-1072.3 	-9.21423E-02
-1071.2 	-9.21795E-02
-1070.6 	-9.22059E-02
-1070.7 	-9.22362E-02
-1070.8 	-9.22666E-02
-1070.7 	-9.22978E-02
-1071.2 	-9.23262E-02
-1071.9 	-9.23530E-02
-1072.1 	-9.23902E-02
-1072.6 	-9.24186E-02
-1072.9 	-9.24546E-02
-1073.1 	-9.24918E-02
-1073.5 	-9.25290E-02
-1073.9 	-9.25722E-02
-1074.2 	-9.26098E-02
-1074.8 	-9.26518E-02
-1074.0 	-9.26954E-02
-1073.5 	-9.27282E-02
-1073.6 	-9.27670E-02
-1073.9 	-9.28034E-02
-1074.1 	-9.28402E-02
-1074.4 	-9.28778E-02
-1074.8 	-9.29142E-02
-1074.9 	-9.29599E-02
-1075.3 	-9.29959E-02
-1075.5 	-9.30411E-02
-1075.6 	-9.30787E-02
-1075.7 	-9.31247E-02
-1075.7 	-9.31700E-02
-1075.6 	-9.32100E-02
-1074.4 	-9.32552E-02
-1073.7 	-9.32900E-02
-1073.8 	-9.33208E-02
-1073.8 	-9.33516E-02
-1073.9 	-9.33808E-02
-1074.2 	-9.34185E-02
-1074.5 	-9.34549E-02
-1074.7 	-9.34921E-02
-1075.1 	-9.35290E-02
-1075.1 	-9.35674E-02
-1075.3 	-9.36043E-02
-1075.3 	-9.36511E-02
-1075.4 	-9.36887E-02
-1075.6 	-9.37256E-02
	
