TEXTURE AT STRAIN


B 100
1.42350e+02	5.72600e+01	1.40000e+00	3.40000e-03
9.15900e+01	7.52000e+01	6.44500e+01	3.40000e-03
5.17200e+01	2.30000e+01	6.96600e+01	3.40000e-03
4.10700e+01	8.86400e+01	2.24100e+01	3.40000e-03
7.55500e+01	1.54000e+01	2.78600e+01	3.40000e-03
6.15600e+01	8.32000e+01	2.75100e+01	3.40000e-03
1.35760e+02	8.14000e+01	1.67000e+00	3.40000e-03
1.31000e+01	7.72500e+01	7.06700e+01	3.40000e-03
2.90000e+00	8.43400e+01	5.27600e+01	3.40000e-03
1.96800e+01	3.80000e+01	2.98500e+01	3.40000e-03
5.18100e+01	3.01200e+01	5.04100e+01	3.40000e-03
8.44700e+01	4.18900e+01	5.20600e+01	3.40000e-03
9.16100e+01	4.92400e+01	8.26900e+01	3.40000e-03
1.71100e+01	4.17300e+01	1.27500e+01	3.40000e-03
1.44640e+02	5.41900e+01	2.19300e+01	3.40000e-03
5.89600e+01	8.27100e+01	6.98400e+01	3.40000e-03
7.04000e+01	6.12400e+01	5.08800e+01	3.40000e-03
3.95300e+01	6.79600e+01	6.61800e+01	3.40000e-03
6.00800e+01	8.02700e+01	9.16000e+00	3.40000e-03
6.77100e+01	4.87100e+01	1.14600e+01	3.40000e-03
1.00000e+02	4.85400e+01	3.40000e+01	3.40000e-03
3.04100e+01	7.03600e+01	7.80600e+01	3.40000e-03
8.60000e+00	8.85300e+01	4.35800e+01	3.40000e-03
8.42800e+01	7.67300e+01	3.71900e+01	3.40000e-03
8.30000e+00	8.77800e+01	1.05400e+01	3.40000e-03
6.94100e+01	5.36600e+01	4.89800e+01	3.40000e-03
1.04970e+02	4.14700e+01	8.82000e+00	3.40000e-03
4.21500e+01	5.70800e+01	6.52300e+01	3.40000e-03
7.23400e+01	3.47800e+01	2.83200e+01	3.40000e-03
2.19700e+01	7.78500e+01	8.71600e+01	3.40000e-03
8.29000e+00	7.83500e+01	6.27600e+01	3.40000e-03
1.65600e+01	4.79400e+01	1.55400e+01	3.40000e-03
1.07770e+02	3.75200e+01	9.32000e+00	3.40000e-03
1.11710e+02	3.78300e+01	6.12400e+01	3.40000e-03
7.01900e+01	5.23700e+01	5.42700e+01	3.40000e-03
9.46700e+01	4.69900e+01	3.59600e+01	3.40000e-03
6.50000e+01	7.30800e+01	1.85700e+01	3.40000e-03
2.58300e+01	1.50400e+01	5.73900e+01	3.40000e-03
1.53700e+01	9.67000e+00	5.93000e+01	3.40000e-03
3.37100e+01	5.98900e+01	2.76700e+01	3.40000e-03
7.28900e+01	4.71100e+01	4.14500e+01	3.40000e-03
1.50470e+02	3.39400e+01	2.25100e+01	3.40000e-03
9.18800e+01	7.71900e+01	1.76800e+01	3.40000e-03
8.02700e+01	7.17800e+01	8.56000e+00	3.40000e-03
8.45200e+01	2.41200e+01	1.99500e+01	3.40000e-03
9.76200e+01	7.25000e+01	8.80000e+00	3.40000e-03
1.85200e+01	4.56200e+01	4.40000e+01	3.40000e-03
9.24800e+01	6.34300e+01	7.12100e+01	3.40000e-03
1.24010e+02	7.94200e+01	1.44100e+01	3.40000e-03
7.28700e+01	1.76800e+01	5.44100e+01	3.40000e-03
1.59730e+02	6.87400e+01	5.95000e+00	3.40000e-03
5.26000e+01	8.19800e+01	5.67600e+01	3.40000e-03
5.74100e+01	7.26700e+01	6.00000e-02	3.40000e-03
1.20000e-01	8.75300e+01	3.00300e+01	3.40000e-03
1.47200e+01	3.49500e+01	6.87300e+01	3.40000e-03
7.47800e+01	3.59700e+01	8.67300e+01	3.40000e-03
7.89400e+01	3.97600e+01	2.45000e+00	3.40000e-03
2.95600e+01	7.21100e+01	8.26300e+01	3.40000e-03
3.45400e+01	5.57100e+01	6.37900e+01	3.40000e-03
8.91100e+01	4.53300e+01	2.92700e+01	3.40000e-03
9.20100e+01	1.38800e+01	8.75300e+01	3.40000e-03
1.55900e+01	6.14000e+01	4.73900e+01	3.40000e-03
3.41100e+01	6.91800e+01	8.33200e+01	3.40000e-03
3.39000e+01	8.55200e+01	4.63600e+01	3.40000e-03
1.89300e+01	5.25800e+01	6.15400e+01	3.40000e-03
5.29000e+01	4.89400e+01	3.13500e+01	3.40000e-03
5.09400e+01	7.60600e+01	1.97000e+00	3.40000e-03
5.15200e+01	5.63900e+01	6.70800e+01	3.40000e-03
2.79000e+00	3.74700e+01	1.11200e+01	3.40000e-03
1.24810e+02	1.28400e+01	3.40200e+01	3.40000e-03
4.42100e+01	4.70100e+01	4.40700e+01	3.40000e-03
1.40600e+01	8.56100e+01	3.18600e+01	3.40000e-03
5.11000e+00	7.54500e+01	6.53000e+01	3.40000e-03
1.07330e+02	2.88300e+01	3.11000e+01	3.40000e-03
8.82700e+01	7.33600e+01	8.58000e+00	3.40000e-03
9.05000e+00	1.91600e+01	2.45400e+01	3.40000e-03
3.19700e+01	3.32600e+01	3.16000e+01	3.40000e-03
3.33200e+01	5.82300e+01	3.21000e+01	3.40000e-03
1.01290e+02	7.86800e+01	3.55400e+01	3.40000e-03
2.54900e+01	4.35300e+01	2.25300e+01	3.40000e-03
1.77500e+01	8.52400e+01	1.31300e+01	3.40000e-03
5.42600e+01	6.61100e+01	8.25200e+01	3.40000e-03
8.73400e+01	2.98700e+01	1.04100e+01	3.40000e-03
4.66500e+01	6.38500e+01	6.99700e+01	3.40000e-03
1.63470e+02	1.36600e+01	7.77000e+00	3.40000e-03
1.26010e+02	7.38600e+01	1.55800e+01	3.40000e-03
1.03350e+02	3.91700e+01	7.29100e+01	3.40000e-03
1.53900e+02	5.29500e+01	1.56800e+01	3.40000e-03
7.85300e+01	2.32100e+01	3.20800e+01	3.40000e-03
6.45000e+01	8.12900e+01	8.47700e+01	3.40000e-03
1.44440e+02	6.97700e+01	1.20100e+01	3.40000e-03
5.04000e+01	4.64500e+01	6.40000e+01	3.40000e-03
6.03200e+01	3.66100e+01	1.66200e+01	3.40000e-03
6.98000e+01	8.71900e+01	8.27300e+01	3.40000e-03
1.01570e+02	5.75500e+01	6.87100e+01	3.40000e-03
5.31600e+01	7.82300e+01	3.68800e+01	3.40000e-03
9.12000e+00	6.82800e+01	2.91000e+00	3.40000e-03
7.69200e+01	7.63400e+01	7.33700e+01	3.40000e-03
3.81400e+01	2.75200e+01	1.69000e+01	3.40000e-03
1.57800e+01	8.41400e+01	6.82400e+01	3.40000e-03
